Evaluando Instancias/D10NoRPP
Solucion inicial: Instancias/D10NoRPP-salida.txt

Beneficio: -119
d 6 7 16 14 12 32 28 29 10 13 17 15 18 
Beneficio: -161
d 6 7 16 14 16 11 17 15 18 13 10 28 32 29 36 35 34 33 30 
Beneficio: -109
d 6 7 16 14 16 11 17 15 18 13 10 28 32 12 3 23 24 26 4 9 2 
Beneficio: -167
d 6 7 16 14 16 11 17 15 18 13 10 29 36 33 
Beneficio: -109
d 6 7 16 14 11 17 18 13 10 31 12 3 23 24 4 9 2 20 27 20 
Beneficio: -152
d 6 7 16 14 11 17 15 13 10 28 32 31 12 3 
Beneficio: -119
d 6 7 16 11 17 15 13 10 29 32 12 3 23 24 4 9 2 20 27 22 26 24 
Beneficio: -135
d 6 7 16 11 17 15 18 13 10 29 32 28 36 35 33 30 35 34 
Beneficio: -189
d 6 7 16 11 14 12 31 32 29 28 10 13 18 
Beneficio: -82
d 6 7 16 14 12 31 32 28 10 29 36 33 35 34 30 33 35 30 
Beneficio: -176
d 6 7 16 14 11 17 18 13 10 31 12 3 23 24 4 
Beneficio: -173
d 6 7 16 11 17 18 13 10 29 32 31 12 3 23 24 
Beneficio: -87
d 6 7 16 15 18 17 11 14 12 32 29 10 28 36 35 33 34 30 33 
Beneficio: -126
d 6 7 16 14 16 11 17 15 13 10 29 32 12 3 23 24 26 4 9 2 20 
Beneficio: -180
d 6 7 16 14 11 17 18 13 10 28 36 35 34 33 
Beneficio: -126
d 6 7 16 11 14 12 31 32 28 10 29 36 33 35 34 30 
Beneficio: -149
d 6 7 16 11 17 15 18 13 10 29 32 28 36 35 30 34 
Beneficio: -169
d 6 7 5 8 3 12 32 29 10 13 18 15 17 11 16 14 
Beneficio: -95
d 6 7 16 14 12 32 29 28 10 13 18 11 17 
Beneficio: -140
d 6 7 16 14 16 11 17 18 15 13 10 28 36 33 35 34 30 33 35 
Beneficio: -140
d 6 7 16 14 16 11 17 18 15 13 10 28 29 32 12 3 23 24 4 9 2 
Beneficio: -128
d 6 7 16 14 11 17 15 18 13 10 28 29 32 31 12 3 23 24 4 9 2 27 20 
Beneficio: -178
d 6 7 16 14 11 17 18 15 13 10 28 32 29 36 33 34 
Beneficio: -177
d 6 7 16 11 17 15 18 13 10 28 36 29 32 12 3 23 24 4 8 
Beneficio: -126
d 6 7 16 11 17 18 13 10 29 32 31 12 3 23 24 4 9 2 27 20 27 22 26 
Beneficio: -134
d 6 7 16 11 17 13 10 29 32 12 3 23 24 26 4 9 2 20 27 22 
Beneficio: -193
d 6 7 16 11 18 17 13 10 28 32 12 3 23 24 4 
Beneficio: -129
d 6 7 16 14 11 17 15 18 13 10 28 32 29 36 35 33 34 30 33 35 34 
Beneficio: -175
d 6 7 16 14 11 17 15 18 13 10 29 32 12 3 23 24 4 9 27 
Beneficio: -113
d 6 7 16 15 17 11 14 12 3 23 24 4 9 2 20 
Beneficio: -92
d 6 7 16 14 12 31 32 28 36 29 10 13 15 17 
Beneficio: -166
d 6 7 16 14 16 15 17 18 13 10 28 32 12 3 23 24 26 4 9 27 20 
Beneficio: -137
d 6 7 16 11 17 18 13 10 29 28 32 31 12 3 23 24 26 20 27 2 9 
Beneficio: -129
d 6 7 16 14 12 3 23 31 32 29 10 28 36 
Beneficio: -123
d 6 5 7 16 14 12 32 29 36 28 10 13 18 17 11 
Beneficio: -60
d 6 5 8 4 9 2 20 27 22 23 3 12 14 16 11 18 17 
Beneficio: -130
d 6 5 8 3 12 14 16 15 17 11 18 13 
Beneficio: -53
d 6 8 4 9 2 27 20 27 22 26 24 23 3 12 14 16 11 17 15 13 10 28 29 32 
Beneficio: -131
d 6 8 4 9 2 27 20 27 22 26 24 23 3 12 32 28 29 10 13 18 17 11 
Beneficio: -72
d 6 8 4 9 2 27 20 26 24 23 3 12 14 11 17 15 18 13 10 28 29 32 31 
Beneficio: -127
d 6 8 4 9 2 27 20 26 4 24 23 3 12 32 28 10 13 15 18 17 11 
Beneficio: -46
d 6 8 4 9 2 27 20 26 24 23 3 12 14 16 11 18 15 17 13 
Beneficio: -87
d 6 8 4 9 2 27 20 26 24 23 3 12 14 11 17 15 13 10 28 32 31 
Beneficio: -79
d 6 8 4 9 2 27 20 26 24 23 3 12 14 11 17 15 18 13 10 28 29 32 
Beneficio: -89
d 6 8 4 9 2 27 9 4 24 23 3 12 32 28 10 13 18 17 11 16 14 12 31 32 29 36 
Beneficio: -73
d 6 8 4 9 2 27 22 26 24 23 31 12 14 16 15 17 18 13 10 28 32 31 
Beneficio: -42
d 6 8 4 9 2 27 22 26 24 23 3 12 14 11 17 15 18 13 10 28 36 33 35 34 30 33 
Beneficio: -78
d 6 8 4 9 2 27 22 23 3 12 14 16 14 11 17 18 15 13 10 28 29 
Beneficio: -122
d 6 8 4 9 2 20 27 20 26 4 24 23 3 12 32 29 36 28 10 13 18 15 17 11 14 
Beneficio: -49
d 6 8 4 9 2 20 27 9 4 24 23 3 12 14 16 11 17 15 18 13 10 29 28 
Beneficio: -72
d 6 8 4 9 2 20 27 22 26 4 24 23 31 12 14 16 11 17 18 13 
Beneficio: -96
d 6 8 4 9 2 20 27 22 23 3 12 32 28 36 35 30 33 35 34 
Beneficio: -109
d 6 8 4 9 2 20 27 22 26 24 23 3 12 31 32 29 36 33 30 34 33 35 
Beneficio: -50
d 6 8 4 9 2 20 26 24 23 3 12 14 16 11 17 15 18 13 10 28 32 29 36 33 30 
Beneficio: -80
d 6 8 4 9 2 20 26 22 23 3 12 32 29 10 13 15 18 17 11 16 14 12 32 28 
Beneficio: -68
d 6 8 4 9 2 27 20 27 9 24 23 3 12 14 16 11 18 
Beneficio: -47
d 6 8 4 9 2 27 20 27 22 23 3 12 14 16 11 17 15 18 13 10 28 32 29 
Beneficio: -131
d 6 8 4 9 2 27 20 26 24 23 31 12 32 28 36 33 35 
Beneficio: -71
d 6 8 4 9 2 27 20 26 24 23 3 12 14 16 11 17 15 18 13 10 29 
Beneficio: -147
d 6 8 4 9 2 27 20 26 24 23 3 12 32 28 10 13 18 15 17 11 16 
Beneficio: -100
d 6 8 4 9 2 27 22 26 24 23 3 12 32 29 10 28 36 33 30 34 33 
Beneficio: -82
d 6 8 4 9 2 27 22 23 3 12 14 11 17 15 18 13 10 28 32 12 31 
Beneficio: -59
d 6 8 4 9 2 20 27 9 4 24 23 3 12 14 16 11 17 15 18 13 10 28 32 12 31 
Beneficio: -103
d 6 8 4 9 2 20 27 22 26 4 24 23 3 12 31 32 29 36 35 33 30 34 
Beneficio: -84
d 6 8 4 9 2 20 27 22 26 24 23 3 12 14 11 17 15 13 10 28 36 29 
