Evaluando ./Instances\CHRISTOFIDES\P04NoRPP
Solucion inicial: ./Instances\CHRISTOFIDES\P04NoRPP-salida.txt

Beneficio: 26
d 2 4 5 4 3 2 3 4 d 16 17 15 14 17 13 12 9 11 12 9 7 8 10 7 
Beneficio: 34
d 2 4 5 4 3 2 3 4 d 16 17 14 13 10 7 8 7 12 11 9 12 13 17 15 14 16 
Beneficio: 37
d 2 4 5 4 3 2 3 4 d 16 17 14 16 15 17 13 12 9 10 8 6 7 12 11 9 7 10 13 
Beneficio: 21
d 2 4 5 4 3 2 3 4 d 16 17 13 12 11 9 10 8 6 7 12 11 9 7 8 
Beneficio: 31
d 2 4 5 4 3 2 3 4 d 16 15 17 16 14 13 12 7 8 10 7 9 11 12 9 11 
Beneficio: 36
d 2 4 5 4 3 2 3 4 d 16 15 17 14 16 17 13 12 9 11 12 7 6 8 7 9 11 
Beneficio: 38
d 2 4 5 4 3 2 3 4 d 16 15 14 17 16 14 13 12 9 7 8 6 7 12 11 9 10 8 
Beneficio: 26
d 2 4 5 4 3 2 3 4 d 16 15 14 13 10 9 11 12 7 8 6 7 9 12 
Beneficio: 25
d 2 4 5 4 3 2 3 4 d 16 15 14 16 17 13 12 7 8 6 7 10 9 12 
Beneficio: 38
d 2 4 5 4 3 2 3 4 d 16 14 17 16 15 17 13 12 7 8 7 9 12 11 9 7 6 8 10 9 
Beneficio: 14
d 2 4 5 4 3 2 3 4 d 16 14 17 13 12 9 7 8 6 7 10 
Beneficio: 27
d 2 4 5 4 3 2 3 4 d 16 14 15 17 14 13 12 7 9 11 12 9 7 10 8 6 7 
Beneficio: 33
d 2 4 5 4 3 2 3 4 d 16 14 15 16 17 14 13 10 7 8 7 9 12 7 6 8 10 9 
Beneficio: 8
d 2 4 5 4 3 2 3 4 d 16 17 14 13 12 9 7 
Beneficio: 38
d 2 4 5 4 3 2 3 4 17 15 16 17 14 13 12 9 11 12 7 8 10 9 7 6 8 10 13 
Beneficio: 34
d 2 4 5 4 3 2 3 4 17 15 16 17 13 12 9 10 7 6 8 7 9 11 12 7 9 
Beneficio: 30
d 2 4 5 4 3 2 3 4 17 15 16 14 13 12 7 6 7 9 12 11 9 7 8 10 9 
Beneficio: 30
d 2 4 5 4 3 2 3 4 17 15 16 15 14 13 12 9 10 8 7 10 8 6 7 12 
Beneficio: 34
d 2 4 5 4 3 2 3 4 17 15 14 17 16 14 13 12 7 6 8 10 7 9 11 12 9 10 
Beneficio: 29
d 2 4 5 4 3 2 3 4 17 15 14 13 17 16 14 13 12 7 10 9 11 12 9 10 8 6 
Beneficio: 35
d 2 4 5 4 3 2 3 4 17 15 14 16 17 14 13 12 11 9 10 8 7 12 9 7 10 8 6 
Beneficio: 30
d 2 4 5 4 3 2 3 4 17 15 14 16 17 13 10 9 11 12 9 7 6 8 7 12 13 
Beneficio: 32
d 2 4 5 4 3 2 3 4 17 15 16 17 14 13 12 11 9 12 7 10 9 7 8 10 
Beneficio: 42
d 2 4 5 4 3 2 3 4 17 16 15 17 14 16 15 14 13 12 7 9 10 7 8 6 7 9 11 12 
Beneficio: 30
d 2 4 5 4 3 2 3 4 17 16 15 14 17 13 12 7 6 7 12 11 9 10 8 
Beneficio: 27
d 2 4 5 4 3 2 3 4 17 16 15 14 13 12 11 9 7 12 11 9 7 6 8 10 7 
Beneficio: 24
d 2 4 5 4 3 2 3 4 17 16 15 16 14 13 12 9 7 12 11 9 10 7 
Beneficio: 25
d 2 4 5 4 3 2 3 4 17 16 14 17 13 12 7 10 9 11 12 7 6 8 10 7 
Beneficio: 37
d 2 4 5 4 3 2 3 4 17 16 14 13 17 14 15 17 13 12 9 10 7 12 11 9 7 8 
Beneficio: 32
d 2 4 5 4 3 2 3 4 17 16 14 15 17 14 13 12 9 10 7 6 8 7 10 9 12 11 
Beneficio: 30
d 2 4 5 4 3 2 3 4 17 16 14 15 17 14 13 12 7 9 11 12 9 10 8 7 10 8 6 
Beneficio: 34
d 2 4 5 4 3 2 3 4 17 16 17 15 14 17 13 12 9 10 8 7 9 11 12 7 6 8 10 
Beneficio: 26
d 2 4 5 4 3 2 3 4 17 14 13 12 7 6 8 7 10 13 17 16 
Beneficio: 37
d 2 4 5 4 3 2 3 4 17 14 15 17 16 14 13 12 7 9 11 12 9 7 8 6 7 8 10 9 
Beneficio: 23
d 2 4 5 4 3 2 3 4 17 14 15 17 13 12 9 7 12 11 9 10 7 
Beneficio: 22
d 2 4 5 4 3 2 3 4 17 14 15 16 17 13 12 11 9 7 10 8 6 7 9 10 8 
Beneficio: 32
d 2 4 5 4 3 2 3 4 17 14 15 16 14 15 17 13 12 9 10 7 12 7 8 6 7 9 
Beneficio: 25
d 2 4 5 4 3 2 3 4 17 14 16 17 15 14 13 10 8 7 10 9 7 8 6 
Beneficio: 40
d 2 4 5 4 3 2 3 4 17 14 16 17 16 15 17 13 12 11 9 12 7 6 8 10 7 8 10 9 
Beneficio: 26
d 2 4 5 4 3 2 3 4 17 14 16 15 14 13 12 11 9 10 7 12 9 7 6 8 10 
Beneficio: 14
d 2 4 5 4 3 2 3 4 17 14 16 17 13 12 9 7 6 8 7 
Beneficio: 35
d 2 4 5 4 3 2 3 4 17 13 14 17 15 16 14 13 12 9 11 12 7 6 8 10 7 8 10 9 11 
Beneficio: 25
d 2 4 5 4 3 2 3 4 17 13 14 16 17 14 13 12 9 10 7 9 11 12 7 8 
Beneficio: 18
d 2 4 5 4 3 2 3 4 17 13 12 9 7 10 8 7 12 11 9 10 8 6 7 6 
Beneficio: 30
d 2 4 5 4 3 2 3 4 17 14 15 16 17 13 12 9 10 8 7 12 11 9 7 10 8 6 7 
Beneficio: 29
d 2 4 5 4 3 2 3 4 17 15 16 17 14 13 12 11 9 7 10 9 7 8 
Beneficio: 27
d 2 4 5 4 3 2 3 6 7 12 11 9 10 8 7 9 12 13 17 14 15 16 14 13 17 
Beneficio: 41
d 2 4 5 4 3 2 3 6 7 12 11 9 7 8 6 13 14 17 16 15 17 13 12 
Beneficio: 37
d 2 4 5 4 3 2 3 6 7 12 11 9 7 8 10 9 12 13 14 17 14 15 16 17 13 10 
Beneficio: 37
d 2 4 5 4 3 2 3 6 7 12 11 9 12 13 17 16 14 17 15 14 13 10 8 7 10 8 6 
Beneficio: 28
d 2 4 5 4 3 2 3 6 7 12 11 9 10 13 17 16 14 15 17 14 
Beneficio: 35
d 2 4 5 4 3 2 3 6 7 12 11 9 7 10 9 12 13 14 15 16 15 17 16 
Beneficio: 33
d 2 4 5 4 3 2 3 6 7 12 11 9 7 10 8 7 9 12 13 17 14 17 15 16 14 13 
Beneficio: 30
d 2 4 5 4 3 2 3 6 7 12 11 12 9 7 6 8 7 10 13 14 15 16 14 17 
Beneficio: 27
d 2 4 5 4 3 2 3 6 7 12 9 10 7 9 11 12 13 17 15 16 17 13 14 
Beneficio: 33
d 2 4 5 4 3 2 3 6 7 12 9 10 8 7 10 13 14 17 16 15 17 13 12 11 
Beneficio: 39
d 2 4 5 4 3 2 3 6 7 12 9 7 8 10 9 7 10 13 14 16 15 14 17 15 16 17 13 
Beneficio: 34
d 2 4 5 4 3 2 3 6 7 12 9 7 10 8 7 9 10 13 14 16 17 15 16 
Beneficio: 32
d 2 4 5 4 3 2 3 6 7 12 9 7 8 10 13 17 14 17 15 16 14 13 12 11 9 10 7 
Beneficio: 37
d 2 4 5 4 3 2 3 6 7 12 9 7 10 13 14 15 17 14 16 15 17 13 12 11 9 7 8 10 9 
Beneficio: 39
d 2 4 5 4 3 2 3 6 7 12 9 11 12 9 7 10 13 17 15 16 14 15 16 17 14 13 
Beneficio: 20
d 2 4 5 4 3 2 3 6 7 12 9 10 8 7 10 13 14 16 15 16 17 
Beneficio: 30
d 2 4 5 4 3 2 3 6 7 12 13 14 15 16 17 13 10 9 11 12 9 7 6 8 5 
Beneficio: 33
d 2 4 5 4 3 2 3 6 7 12 13 17 15 16 14 13 6 8 7 9 12 11 9 10 8 
Beneficio: 35
d 2 4 5 4 3 2 3 6 7 12 13 17 14 15 17 16 14 13 6 7 10 8 7 12 9 10 
Beneficio: 30
d 2 4 5 4 3 2 3 6 7 12 9 10 7 9 11 12 13 14 17 16 17 15 14 
Beneficio: 28
d 2 4 5 4 3 2 3 6 7 12 9 7 10 9 11 12 13 14 16 15 14 17 16 15 
Beneficio: 27
d 2 4 5 4 3 2 3 6 7 12 11 9 10 7 8 6 13 14 15 16 14 17 13 12 9 
Beneficio: 33
d 2 4 5 4 3 2 3 6 7 12 7 10 9 7 8 10 13 14 15 16 17 14 16 17 
Beneficio: 27
d 2 4 5 4 3 2 3 6 7 8 6 7 12 11 9 7 10 9 12 13 14 15 17 15 16 14 
Beneficio: 23
d 2 4 5 4 3 2 3 6 7 8 6 7 10 9 12 7 9 11 12 13 14 17 13 10 8 7 9 
Beneficio: 27
d 2 4 5 4 3 2 3 6 7 8 6 7 10 9 11 12 7 9 12 13 17 15 14 17 15 
Beneficio: 33
d 2 4 5 4 3 2 3 6 7 8 6 7 9 10 7 12 11 12 13 14 16 17 14 15 16 
Beneficio: 39
d 2 4 5 4 3 2 3 6 7 8 6 7 9 12 11 12 7 9 12 13 17 15 16 17 14 13 10 7 
Beneficio: 27
d 2 4 5 4 3 2 3 6 7 8 6 7 9 10 7 12 11 9 10 13 17 16 14 17 16 
Beneficio: 33
d 2 4 5 4 3 2 3 6 7 8 6 7 9 12 11 9 7 10 13 17 16 15 17 14 15 
Beneficio: 18
d 2 4 5 4 3 2 3 6 7 8 6 7 9 12 13 14 16 17 16 15 16 
Beneficio: 30
d 2 4 5 4 3 2 3 6 7 8 6 13 17 16 15 14 13 12 11 9 10 7 9 12 7 9 
Beneficio: 39
d 2 4 5 4 3 2 3 6 7 8 10 7 12 13 17 14 15 16 17 16 14 13 10 9 11 12 9 11 
Beneficio: 20
d 2 4 5 4 3 2 3 6 7 8 10 7 9 12 13 17 15 14 17 14 16 
Beneficio: 34
d 2 4 5 4 3 2 3 6 7 8 10 7 9 12 7 9 11 12 13 17 15 16 17 14 13 
Beneficio: 31
d 2 4 5 4 3 2 3 6 7 8 10 7 9 11 12 7 12 13 14 16 17 14 13 17 15 
Beneficio: 36
d 2 4 5 4 3 2 3 6 7 8 10 9 12 7 9 12 13 14 15 16 15 17 14 16 17 13 
Beneficio: 21
d 2 4 5 4 3 2 3 6 7 8 10 9 12 13 14 16 15 16 17 13 6 8 7 
Beneficio: 39
d 2 4 5 4 3 2 3 6 7 8 10 9 7 12 11 9 7 10 13 14 15 17 13 14 16 17 14 
Beneficio: 27
d 2 4 5 4 3 2 3 6 7 8 10 9 11 12 9 7 12 13 14 15 16 17 16 
Beneficio: 25
d 2 4 5 4 3 2 3 6 7 8 10 9 11 12 13 17 15 14 17 16 14 13 6 8 10 7 
Beneficio: 29
d 2 4 5 4 3 2 3 6 7 8 10 9 12 13 17 16 14 17 15 16 14 13 
Beneficio: 38
d 2 4 5 4 3 2 3 6 7 8 10 13 14 16 17 14 15 17 13 12 11 9 7 12 11 9 10 7 9 
Beneficio: 29
d 2 4 5 4 3 2 3 6 7 8 10 13 17 14 16 15 14 13 12 11 9 7 12 9 10 8 
Beneficio: 35
d 2 4 5 4 3 2 3 6 7 8 10 7 12 9 11 12 13 14 15 16 17 13 10 9 
Beneficio: 32
d 2 4 5 4 3 2 3 6 7 8 10 7 9 11 12 7 6 8 10 9 12 13 14 17 14 15 17 
Beneficio: 35
d 2 4 5 4 3 2 3 6 7 8 10 7 9 12 7 9 11 12 13 17 16 14 17 15 14 13 
######### Overtime ############
Mejor solucion encontrada!
Beneficio: 42
d 2 4 3 6 7 12 13 14 17 15 16 17 13 10 7 8 5 4 d 
Time taken: 1200.00s
