Evaluando ./Instances\CHRISTOFIDES\P06NoRPP
Solucion inicial: ./Instances\CHRISTOFIDES\P06NoRPP-salida.txt

Nueva solucion parcial!
Imprimiendo solucion: 
Beneficio: 45
1  * 6
2  * 0
3  * -1
1  * -1
18  * 0
19  * 7
15  * 2
17  * 1
16  * 1
15  * -2
13  * 4
14  * 1
12  * 3
13  * -2
14  * -1
11  * 0
10  * -1
23  * 9
22  * 8
24  * -1
16  * -1
14  * -2
11  * -2
10  * -2
9  * 8
7  * 2
8  * 7
9  * -4
7  * 11
6  * -2
21  * 0
22  * 3
20  * -2
5  * 4
4  * -1
3  * -4
2  * -3
1
Nueva solucion parcial!
Imprimiendo solucion: 
Beneficio: 47
1  * 6
2  * 0
3  * -1
1  * -1
18  * 0
19  * 7
15  * 2
17  * 1
16  * 1
15  * -2
13  * 4
14  * 1
12  * 3
13  * -2
14  * -1
11  * 0
10  * -1
23  * 9
22  * 8
24  * -1
16  * -1
14  * -2
11  * -2
10  * -2
9  * 8
7  * 2
8  * 7
9  * -4
7  * 11
6  * -2
21  * 0
22  * 3
20  * -2
5  * 4
4  * -1
3  * -5
1
Nueva solucion parcial!
Imprimiendo solucion: 
Beneficio: 48
1  * 6
2  * 0
3  * -1
1  * -1
18  * 0
19  * 7
15  * 2
17  * 1
16  * 1
15  * -2
13  * 4
14  * 1
12  * 3
13  * -2
14  * -1
11  * 0
10  * -1
23  * 9
22  * 8
24  * -1
16  * -1
20  * 3
22  * 0
21  * -2
6  * 11
7  * 8
9  * 7
8  * 2
7  * -6
6  * -5
5  * 4
4  * -1
3  * -5
1
Beneficio: 42
d 2 3 d 18 19 15 17 16 15 13 14 12 13 14 11 10 23 22 20 5 4 3 16 24 23 10 9 8 7 6 21 22 24 
Beneficio: 33
d 2 3 d 18 19 15 17 16 15 13 14 12 13 14 11 10 23 21 22 24 16 20 22 23 10 8 7 9 8 
Beneficio: 30
d 2 3 d 18 19 15 17 16 15 13 14 12 13 14 11 10 9 7 6 21 20 4 3 16 24 22 
Nueva solucion parcial!
Imprimiendo solucion: 
Beneficio: 49
1  * 6
2  * 0
3  * -1
1  * -1
18  * 0
19  * 7
15  * 2
17  * 1
16  * 1
15  * -2
13  * 4
14  * 1
12  * 3
13  * -2
14  * -1
11  * 0
10  * -2
9  * 8
7  * 2
8  * 7
9  * -4
7  * 11
6  * -2
21  * 0
22  * 9
23  * -3
24  * 8
22  * 3
20  * -2
5  * 4
4  * -1
3  * -4
2  * -3
1
Nueva solucion parcial!
Imprimiendo solucion: 
Beneficio: 51
1  * 6
2  * 0
3  * -1
1  * -1
18  * 0
19  * 7
15  * 2
17  * 1
16  * 1
15  * -2
13  * 4
14  * 1
12  * 3
13  * -2
14  * -1
11  * 0
10  * -2
9  * 8
7  * 2
8  * 7
9  * -4
7  * 11
6  * -2
21  * 0
22  * 9
23  * -3
24  * 8
22  * 3
20  * -2
5  * 4
4  * -1
3  * -5
1
Beneficio: 36
d 2 3 d 18 19 15 17 16 15 13 14 12 13 14 11 10 9 8 7 9 10 11 14 16 20 4 5 20 22 21 6 7 
Beneficio: 25
d 2 3 d 18 19 15 17 16 15 13 14 12 13 14 11 10 8 7 6 21 22 23 10 11 14 12 
Beneficio: 34
d 2 3 d 18 19 15 17 16 15 13 14 12 13 14 11 10 8 7 9 8 10 23 22 24 22 21 
Beneficio: 25
d 2 3 d 18 19 15 17 16 15 13 14 12 13 14 16 20 22 21 6 7 8 10 23 22 21 23 
Nueva solucion parcial!
Imprimiendo solucion: 
Beneficio: 52
1  * 6
2  * 0
3  * -1
1  * -1
18  * 0
19  * 7
15  * 2
17  * 1
16  * 1
15  * -2
13  * 4
14  * 1
12  * 3
13  * -2
14  * -1
16  * -1
24  * 8
22  * 9
23  * -1
10  * -2
9  * 8
7  * 2
8  * 7
9  * -4
7  * 11
6  * -2
21  * 0
22  * 3
20  * -2
5  * 4
4  * -1
3  * -5
1
Beneficio: 41
d 2 3 d 18 19 15 17 16 15 13 14 12 13 14 16 24 22 20 16 14 12 11 10 23 22 21 6 7 8 9 6 
Beneficio: 41
d 2 3 d 18 19 15 17 16 15 13 14 12 13 14 16 3 4 20 22 24 16 14 11 10 23 22 21 6 7 9 7 
Beneficio: 33
d 2 3 d 18 19 15 17 16 15 13 14 12 13 14 16 20 22 23 24 22 21 6 7 9 10 11 
Beneficio: 42
d 2 3 d 18 19 15 17 16 15 13 14 12 13 14 16 24 22 20 16 14 11 10 9 7 6 21 22 23 10 8 7 
Beneficio: 13
d 2 3 d 18 19 15 17 16 15 13 14 12 13 14 16 3 4 5 21 22 24 16 14 11 10 8 
Beneficio: 38
d 2 3 d 18 19 15 17 16 15 13 14 12 13 14 11 10 23 22 21 6 9 8 7 6 7 9 
Beneficio: 33
d 2 3 d 18 19 15 17 16 15 13 14 12 13 14 23 22 21 6 7 9 6 5 4 
Beneficio: 31
d 2 3 d 18 19 15 17 16 15 13 14 12 13 12 11 10 9 6 7 9 10 11 14 16 24 22 20 
Beneficio: 35
d 2 3 d 18 19 15 17 16 15 13 14 12 11 10 23 22 24 23 10 9 8 7 6 21 20 16 24 
Beneficio: 33
d 2 3 d 18 19 15 17 16 15 13 14 12 11 10 23 24 22 21 6 7 8 9 10 11 14 12 13 
Beneficio: 38
d 2 3 d 18 19 15 17 16 15 13 14 12 11 10 9 8 7 6 21 22 24 16 3 4 20 22 23 10 11 14 16 20 
Beneficio: 33
d 2 3 d 18 19 15 17 16 15 13 14 12 11 10 9 7 6 21 22 23 21 22 20 5 4 3 16 14 
Beneficio: 22
d 2 3 d 18 19 15 17 16 15 13 14 12 11 10 9 7 6 21 22 23 24 16 20 5 4 
Beneficio: 42
d 2 3 d 18 19 15 17 16 15 13 14 12 11 10 8 9 7 6 9 10 23 22 24 16 14 11 
Beneficio: 28
d 2 3 d 18 19 15 17 16 15 13 14 12 11 10 9 7 8 10 23 22 20 4 3 16 24 22 
Beneficio: 27
d 2 3 d 18 19 15 17 16 15 13 14 12 11 10 8 9 7 6 21 22 20 4 3 16 14 11 10 23 
Beneficio: 20
d 2 3 d 18 19 15 17 16 15 13 14 12 11 10 23 24 22 21 23 22 20 16 14 12 
Beneficio: 41
d 2 3 d 18 19 15 17 16 15 13 14 11 10 23 22 24 22 21 6 7 9 10 11 14 12 13 
Beneficio: 26
d 2 3 d 18 19 15 17 16 15 13 14 11 10 23 22 21 6 7 8 10 11 12 14 16 3 4 5 
Beneficio: 44
d 2 3 d 18 19 15 17 16 15 13 14 11 10 9 7 6 21 22 23 24 16 20 5 4 20 22 24 16 14 13 12 14 
Beneficio: 33
d 2 3 d 18 19 15 17 16 15 13 14 11 10 9 8 7 6 21 22 23 22 20 4 3 16 14 12 13 
Beneficio: 39
d 2 3 d 18 19 15 17 16 15 13 14 11 10 9 8 7 9 6 21 22 24 16 20 4 5 20 22 23 
Beneficio: 33
d 2 3 d 18 19 15 17 16 15 13 14 11 10 9 7 6 5 4 20 16 24 23 22 21 
Beneficio: 24
d 2 3 d 18 19 15 17 16 15 13 14 11 10 9 8 7 6 21 23 22 21 6 5 
Beneficio: 28
d 2 3 d 18 19 15 17 16 15 13 14 11 10 8 9 7 6 21 20 5 4 3 16 14 12 11 
Beneficio: 26
d 2 3 d 18 19 15 17 16 15 13 14 11 10 23 22 24 16 14 13 12 14 16 3 4 5 20 22 21 
Beneficio: 23
d 2 3 d 18 19 15 17 16 15 13 14 11 10 9 7 8 9 7 8 10 23 22 21 6 
Beneficio: 32
d 2 3 d 18 19 15 17 16 15 13 14 11 10 9 8 7 9 10 11 12 13 14 16 24 22 20 
Beneficio: 33
d 2 3 d 18 19 15 17 16 15 13 14 16 20 22 23 10 9 8 7 6 21 22 24 16 3 4 
Beneficio: 30
d 2 3 d 18 19 15 17 16 15 13 14 16 20 22 23 14 12 11 10 9 8 7 6 21 22 
Beneficio: 38
d 2 3 d 18 19 15 17 16 15 13 14 16 20 22 24 23 10 9 8 7 9 10 23 22 20 4 5 
Beneficio: 32
d 2 3 d 18 19 15 17 16 15 13 14 16 20 22 21 23 22 24 16 14 11 10 8 7 6 9 
Beneficio: 25
d 2 3 d 18 19 15 17 16 15 13 14 16 20 4 5 6 7 9 10 11 12 
Beneficio: 35
d 2 3 d 18 19 15 17 16 15 13 14 16 20 22 23 24 22 21 6 7 9 10 11 12 14 16 3 
Beneficio: 47
d 2 3 d 18 19 15 17 16 15 13 14 16 24 22 23 10 11 14 16 3 4 20 22 21 6 7 9 7 8 9 
Beneficio: 51
d 2 3 d 18 19 15 17 16 15 13 14 16 24 22 23 21 22 20 4 5 20 16 14 12 11 10 9 8 7 9 7 6 
Beneficio: 41
d 2 3 d 18 19 15 17 16 15 13 14 16 24 22 20 16 14 13 12 11 10 9 8 7 6 21 22 23 21 6 
Beneficio: 42
d 2 3 d 18 19 15 17 16 15 13 14 16 24 22 21 6 7 8 9 7 8 10 23 22 20 4 5 
Beneficio: 29
d 2 3 d 18 19 15 17 16 15 13 14 16 24 22 21 20 5 6 7 8 9 10 11 12 13 14 12 
Beneficio: 29
d 2 3 d 18 19 15 17 16 15 13 14 16 24 23 22 21 23 10 9 7 6 21 22 20 16 14 12 11 10 
Beneficio: 44
d 2 3 d 18 19 15 17 16 15 13 14 16 3 4 5 20 22 21 6 7 9 10 23 22 24 23 10 11 14 12 13 
Beneficio: 29
d 2 3 d 18 19 15 17 16 15 13 14 16 3 4 20 22 24 22 23 10 9 8 7 
Beneficio: 22
d 2 3 d 18 19 15 17 16 15 13 14 16 3 4 5 20 21 6 7 9 10 11 14 16 
Beneficio: 29
d 2 3 d 18 19 15 17 16 15 13 14 16 3 4 20 22 21 6 7 8 9 10 11 14 12 13 14 16 24 22 
Beneficio: 37
d 2 3 d 18 19 15 17 16 15 13 14 16 24 22 23 10 11 12 14 16 3 4 20 22 21 6 7 9 
Beneficio: 23
d 2 3 d 18 19 15 17 16 15 13 14 16 24 22 20 4 5 6 7 8 10 23 
Beneficio: 41
d 2 3 d 18 19 15 17 16 15 13 14 16 24 22 21 6 7 9 10 11 12 14 23 22 20 16 3 4 5 
Beneficio: 21
d 2 3 d 18 19 15 17 16 15 13 14 16 20 22 24 16 14 13 12 14 11 10 23 22 21 6 
Beneficio: 22
d 2 3 d 18 19 15 17 16 15 13 14 16 3 4 5 21 6 7 8 9 10 11 14 
Beneficio: 37
d 2 3 d 18 19 15 17 16 15 13 14 16 20 22 23 21 22 24 16 14 11 10 9 6 7 8 9 10 
Beneficio: 33
d 2 3 d 18 19 15 17 16 15 13 14 16 20 22 24 16 14 12 11 10 23 22 21 6 7 8 10 9 
Beneficio: 30
d 2 3 d 18 19 15 17 16 15 13 14 16 20 22 21 6 7 8 9 10 11 12 13 14 16 24 22 23 
Beneficio: 24
d 2 3 d 18 19 15 17 16 15 13 14 16 20 22 21 23 10 9 8 7 6 21 5 4 20 
Beneficio: 24
d 2 3 d 18 19 15 17 16 15 13 14 16 20 5 4 20 22 21 6 7 9 10 11 12 14 16 3 18 
Beneficio: 17
d 2 3 d 18 19 15 17 16 15 13 14 16 20 21 23 10 9 8 7 6 21 20 
Beneficio: 39
d 2 3 d 18 19 15 17 16 15 13 14 16 24 22 23 10 9 8 7 6 21 20 4 5 20 22 
Beneficio: 45
d 2 3 d 18 19 15 17 16 15 13 14 16 24 22 20 16 14 12 11 10 9 7 8 9 7 6 21 23 22 
Beneficio: 47
d 2 3 d 18 19 15 17 16 15 13 14 16 24 22 20 4 5 21 23 22 21 6 7 9 8 10 11 
Beneficio: 44
d 2 3 d 18 19 15 17 16 15 13 14 16 24 22 21 6 7 8 9 10 11 14 16 3 4 5 20 22 23 
Beneficio: 8
d 2 3 d 18 19 15 17 16 15 13 14 16 24 22 20 16 14 11 10 9 8 7 
Beneficio: 40
d 2 3 d 18 19 15 17 16 15 13 14 16 17 18 3 4 20 22 23 10 11 12 14 16 24 22 21 6 7 8 9 
Beneficio: 27
d 2 3 d 18 19 15 17 16 15 13 14 16 3 4 5 21 22 23 10 8 7 9 8 10 
Beneficio: 38
d 2 3 d 18 19 15 17 16 15 13 14 16 3 4 5 20 22 21 6 7 8 9 10 23 22 24 16 17 
Beneficio: 38
d 2 3 d 18 19 15 17 16 15 13 14 16 3 4 5 6 7 9 7 8 9 10 23 22 21 
Beneficio: 41
d 2 3 d 18 19 15 17 16 15 13 14 16 24 22 23 10 11 14 12 13 14 16 20 22 21 6 7 8 9 10 11 12 
Beneficio: 26
d 2 3 d 18 19 15 17 16 15 13 14 16 24 22 20 16 14 13 12 14 11 10 23 22 21 6 5 4 3 
Beneficio: 38
d 2 3 d 18 19 15 17 16 15 13 14 16 24 22 21 6 7 9 10 23 22 21 6 5 4 
Beneficio: 31
d 2 3 d 18 19 15 17 16 15 13 14 16 24 22 23 10 11 12 14 16 20 22 21 6 7 8 9 10 
Beneficio: 26
d 2 3 d 18 19 15 17 16 15 13 14 16 20 5 4 20 22 24 22 23 10 11 14 13 12 14 16 
Beneficio: 42
d 2 3 d 18 19 15 17 16 15 13 14 13 12 14 11 10 9 7 8 9 7 6 5 20 22 24 16 
Beneficio: 38
d 2 3 d 18 19 15 17 16 15 13 14 13 12 14 11 10 9 8 7 6 21 5 4 3 16 20 22 23 
Beneficio: 21
d 2 3 d 18 19 15 17 16 15 13 14 13 12 14 16 3 4 20 5 6 7 9 10 11 
Beneficio: 37
d 2 3 d 18 19 15 17 16 15 13 14 13 12 14 16 3 4 5 21 6 7 9 10 23 22 20 4 
Beneficio: 25
d 2 3 d 18 19 15 17 16 15 13 14 13 12 14 11 10 23 22 20 4 5 4 3 16 24 22 21 6 
Beneficio: 24
d 2 3 d 18 19 15 17 16 15 13 14 13 12 11 10 9 7 6 21 22 20 16 24 23 14 12 
Beneficio: 39
d 2 3 d 18 19 15 17 16 15 13 14 13 12 11 10 23 22 24 16 3 4 20 22 21 6 7 9 10 
Beneficio: 40
d 2 3 d 18 19 15 17 16 15 13 14 13 12 11 10 23 22 20 4 3 16 24 22 21 6 7 8 9 10 
Beneficio: 43
d 2 3 d 18 19 15 17 16 15 13 14 11 10 23 22 24 16 14 13 12 11 10 9 7 6 21 22 20 5 4 3 
Beneficio: 38
d 2 3 d 18 19 15 17 16 15 13 14 11 10 23 22 24 16 3 4 5 20 22 21 6 7 9 8 
Beneficio: 43
d 2 3 d 18 19 15 17 16 15 13 14 11 10 9 8 7 6 21 22 23 10 11 12 14 16 24 22 20 16 3 4 5 
Beneficio: 38
d 2 3 d 18 19 15 17 16 15 13 14 11 10 9 7 8 9 10 11 12 13 14 16 20 22 21 23 22 24 16 14 12 
Beneficio: 48
d 2 3 d 18 19 15 17 16 15 13 14 11 10 8 9 7 6 21 22 20 16 24 22 23 21 5 4 
Beneficio: 43
d 2 3 d 18 19 15 17 16 15 13 14 11 10 9 7 6 21 22 24 23 22 20 5 4 
Beneficio: 38
d 2 3 d 18 19 15 17 16 15 13 14 11 10 8 7 9 7 6 21 22 20 16 24 22 23 10 9 
Beneficio: 26
d 2 3 d 18 19 15 17 16 15 13 14 12 11 10 9 8 7 9 10 23 22 20 4 3 16 17 
Beneficio: 29
d 2 3 d 18 19 15 17 16 15 13 14 23 22 20 16 14 11 10 9 7 6 21 20 
Beneficio: 25
d 2 3 d 18 19 15 17 16 15 13 14 23 22 24 16 14 11 10 9 7 8 10 
Beneficio: 39
d 2 3 d 18 19 15 17 16 15 13 12 14 13 14 11 10 23 22 24 22 20 16 14 11 10 9 8 7 6 
Beneficio: 28
d 2 3 d 18 19 15 17 16 15 13 12 14 13 14 11 10 9 7 6 21 22 23 21 22 20 5 4 3 
Beneficio: 40
d 2 3 d 18 19 15 17 16 15 13 12 14 13 14 16 20 22 24 16 14 11 10 23 22 21 6 9 7 6 21 23 
Beneficio: 49
d 2 3 d 18 19 15 17 16 15 13 12 14 13 14 16 24 22 20 16 14 23 22 21 6 7 9 7 8 9 
Beneficio: 26
d 2 3 d 18 19 15 17 16 15 13 12 14 13 14 16 3 4 5 21 6 7 8 10 9 7 
Beneficio: 24
d 2 3 d 18 19 15 17 16 15 13 12 14 13 14 16 20 22 23 21 22 24 16 17 18 3 
######### Overtime ############
Mejor solucion encontrada!
Beneficio: 52
d 2 3 d 18 19 15 17 16 15 13 14 12 13 14 16 24 22 23 10 9 7 8 9 7 6 21 22 20 5 4 3 d 
Time taken: 1200.00s
