Evaluando ./Instances\CHRISTOFIDES\P08NoRPP
Solucion inicial: ./Instances\CHRISTOFIDES\P08NoRPP-salida.txt

Beneficio: 80
d 2 3 10 d 9 8 7 9 8 5 4 3 2 d 10 7 6 5 11 17 15 16 14 15 16 11 12 13 14 13 16 17 
Beneficio: 68
d 2 3 10 d 9 8 7 9 8 5 4 3 6 5 11 16 17 15 8 17 11 12 13 16 
Beneficio: 62
d 2 3 10 d 9 8 7 9 8 5 4 3 6 5 11 17 15 16 12 13 14 15 14 16 11 12 
Beneficio: 67
d 2 3 10 d 9 8 7 9 8 5 4 3 6 5 11 12 16 15 14 15 17 16 11 
Beneficio: 69
d 2 3 10 d 9 8 7 9 8 5 4 3 6 5 11 16 13 12 11 17 16 14 15 17 8 15 14 13 14 
Beneficio: 68
d 2 3 10 d 9 8 7 9 8 5 4 3 6 5 11 17 16 13 14 16 14 13 12 11 17 15 
Beneficio: 53
d 2 3 10 d 9 8 7 9 8 5 4 3 6 5 11 12 16 14 13 16 15 17 
Beneficio: 57
d 2 3 10 d 9 8 7 9 8 5 4 3 6 5 11 17 16 14 15 17 
Beneficio: 78
d 2 3 10 d 9 8 7 9 8 5 4 3 10 7 6 5 11 12 13 16 15 14 16 17 11 16 15 17 8 
Beneficio: 57
d 2 3 10 d 9 8 7 9 8 5 4 3 10 7 6 5 11 16 15 17 16 14 13 
Beneficio: 70
d 2 3 10 d 9 8 7 9 8 5 4 5 11 16 17 15 14 13 12 16 14 13 16 15 
Beneficio: 69
d 2 3 10 d 9 8 7 9 8 5 4 5 11 17 16 13 14 15 17 8 15 16 14 15 16 11 12 
Beneficio: 68
d 2 3 10 d 9 8 7 9 8 5 4 5 17 15 16 17 11 16 14 15 14 
Nueva solucion parcial!
Imprimiendo solucion: 
Beneficio: 82
1  * 4
2  * 4
3  * 8
10  * 1
1  * 0
9  * 3
8  * 17
7  * 2
9  * -2
8  * 5
5  * 4
4  * -3
12  * 5
13  * 1
14  * 3
16  * 12
11  * 5
17  * 10
15  * 2
14  * -1
13  * 0
16  * 8
17  * -1
8  * -5
5  * 0
6  * 0
7  * 1
10  * -1
1
Beneficio: 55
d 2 3 10 d 9 8 7 9 8 5 4 12 13 14 15 16 17 11 16 15 14 13 
Beneficio: 53
d 2 3 10 d 9 8 7 9 8 5 4 12 13 16 15 17 11 12 13 16 
Beneficio: 76
d 2 3 10 d 9 8 7 9 8 5 4 12 13 16 14 15 14 16 17 11 16 15 17 8 15 16 13 14 
Beneficio: 76
d 2 3 10 d 9 8 7 9 8 5 4 12 11 16 12 13 14 15 16 17 15 14 13 16 14 16 
Beneficio: 65
d 2 3 10 d 9 8 7 9 8 5 4 12 11 17 16 13 14 16 15 17 8 5 6 7 
Beneficio: 65
d 2 3 10 d 9 8 7 9 8 5 4 12 16 11 12 13 14 16 17 8 5 6 3 4 2 d 
Beneficio: 73
d 2 3 10 d 9 8 7 9 8 5 4 12 16 14 15 16 17 11 12 13 14 13 16 11 5 6 3 4 
Beneficio: 52
d 2 3 10 d 9 8 7 9 8 5 4 12 16 13 14 15 8 11 17 16 14 13 12 11 
Beneficio: 55
d 2 3 10 d 9 8 7 9 8 5 4 12 16 11 17 8 12 13 16 15 14 16 
Beneficio: 49
d 2 3 10 d 9 8 7 9 8 5 4 12 16 15 17 8 15 16 14 13 12 11 
Beneficio: 58
d 2 3 10 d 9 8 7 9 8 5 4 12 13 16 15 17 8 15 14 16 17 
Beneficio: 65
d 2 3 10 d 9 8 7 9 8 5 4 12 16 14 15 17 8 15 16 17 11 12 13 14 15 
Beneficio: 76
d 2 3 10 d 9 8 7 9 8 5 4 11 12 13 16 17 16 11 17 15 14 13 14 15 
Beneficio: 71
d 2 3 10 d 9 8 7 9 8 5 6 7 10 d 2 3 4 12 13 16 15 8 17 16 12 11 16 14 15 17 
Beneficio: 70
d 2 3 10 d 9 8 7 9 8 5 6 7 10 d 2 4 5 11 16 14 15 14 16 12 13 14 13 16 17 11 12 
Beneficio: 65
d 2 3 10 d 9 8 7 9 8 5 6 7 10 d 2 4 12 16 15 14 16 17 11 16 15 14 13 12 11 
Beneficio: 50
d 2 3 10 d 9 8 7 9 8 5 6 7 10 3 4 5 4 12 16 14 13 14 15 8 17 15 16 
Beneficio: 79
d 2 3 10 d 9 8 7 9 8 5 6 7 10 3 4 12 11 16 17 11 17 15 14 13 12 16 13 14 16 
Beneficio: 69
d 2 3 10 d 9 8 7 9 8 5 6 7 10 3 4 12 16 13 14 16 11 17 15 8 17 16 
Beneficio: 64
d 2 3 10 d 9 8 7 9 8 5 6 7 10 d 2 4 12 11 16 12 13 16 14 13 14 15 17 
Beneficio: 67
d 2 3 10 d 9 8 7 9 8 5 6 7 10 3 4 11 17 16 14 15 14 13 16 11 12 13 
Beneficio: 62
d 2 3 10 d 9 8 7 9 8 5 6 7 10 d 2 4 12 11 16 13 12 16 15 14 13 14 16 17 
Beneficio: 79
d 2 3 10 d 9 8 7 9 8 5 6 7 10 3 4 12 13 14 15 16 14 13 16 11 17 8 15 17 16 
Beneficio: 45
d 2 3 10 d 9 8 7 9 8 5 6 7 10 3 2 4 12 13 14 15 16 17 
Beneficio: 78
d 2 3 10 d 9 8 7 9 8 5 6 3 4 5 4 12 13 16 14 13 14 16 12 11 16 17 15 14 15 16 
Beneficio: 64
d 2 3 10 d 9 8 7 9 8 5 6 3 4 5 11 16 14 13 12 16 17 8 11 12 
Beneficio: 67
d 2 3 10 d 9 8 7 9 8 5 6 3 4 12 13 14 16 17 15 16 12 11 17 8 15 14 15 16 
Beneficio: 65
d 2 3 10 d 9 8 7 9 8 5 6 3 4 12 13 14 16 17 15 8 17 11 16 12 
Beneficio: 66
d 2 3 10 d 9 8 7 9 8 5 6 3 4 12 11 17 15 16 12 13 16 15 14 16 14 13 14 15 8 17 16 
Beneficio: 67
d 2 3 10 d 9 8 7 9 8 5 6 3 4 12 16 14 13 16 17 8 15 17 11 12 13 14 15 16 
Beneficio: 72
d 2 3 10 d 9 8 7 9 8 5 6 3 4 12 16 15 17 11 16 14 13 12 11 5 4 
Beneficio: 51
d 2 3 10 d 9 8 7 9 8 5 6 3 4 11 17 16 12 13 14 16 13 
Beneficio: 68
d 2 3 10 d 9 8 7 9 8 5 6 3 4 12 13 16 17 8 15 17 11 16 
Beneficio: 70
d 2 3 10 d 9 8 7 9 8 5 6 3 4 5 4 12 16 13 14 15 16 14 13 16 17 8 15 17 11 12 13 
Beneficio: 66
d 2 3 10 d 9 8 7 9 8 5 6 3 4 5 11 12 13 14 16 15 17 16 13 14 
Beneficio: 73
d 2 3 10 d 9 8 7 9 8 5 6 3 4 12 13 16 17 16 12 11 16 14 15 8 17 15 14 13 14 
Beneficio: 70
d 2 3 10 d 9 8 7 9 8 5 6 3 4 12 11 16 13 14 13 12 11 17 15 16 14 15 16 
Beneficio: 58
d 2 3 10 d 9 8 7 9 8 5 6 3 4 12 16 17 15 16 14 15 14 16 17 11 
Beneficio: 48
d 2 3 10 d 9 8 7 9 8 5 6 3 4 12 16 17 15 8 12 11 17 
Beneficio: 62
d 2 3 10 d 9 8 7 9 8 5 6 3 4 12 16 15 14 13 16 11 17 15 14 
Beneficio: 62
d 2 3 10 d 9 8 7 9 8 5 6 3 2 4 12 13 14 15 17 16 11 12 16 13 14 16 
Beneficio: 61
d 2 3 10 d 9 8 7 9 8 5 4 12 13 16 17 8 15 17 11 12 16 13 14 16 15 14 
Beneficio: 68
d 2 3 10 d 9 8 7 9 8 5 4 12 11 17 16 14 13 14 16 11 17 15 16 13 
Beneficio: 70
d 2 3 10 d 9 8 7 9 8 5 4 12 16 11 12 13 14 15 16 17 15 14 13 
Beneficio: 56
d 2 3 10 d 9 8 7 9 8 5 6 7 10 3 4 12 16 14 15 17 11 12 13 14 
Beneficio: 58
d 2 3 10 d 9 8 7 9 8 5 6 3 4 5 11 16 15 8 17 11 12 13 
Nueva solucion parcial!
Imprimiendo solucion: 
Beneficio: 83
1  * 4
2  * 4
3  * 8
10  * 1
1  * 0
9  * 3
8  * 17
7  * 2
9  * -2
8  * 5
5  * -6
11  * 12
16  * 8
17  * 10
15  * 2
14  * 3
16  * 0
13  * 5
12  * 3
11  * 5
17  * -1
8  * -5
5  * 4
4  * 3
3  * -2
6  * 0
7  * 1
10  * -1
1
Beneficio: 77
d 2 3 10 d 9 8 7 9 8 5 11 16 14 16 15 8 17 11 12 13 16 17 15 14 13 16 
Beneficio: 61
d 2 3 10 d 9 8 7 9 8 5 11 17 16 15 8 17 15 14 13 14 16 12 4 5 6 7 10 
Beneficio: 72
d 2 3 10 d 9 8 7 9 8 5 15 14 16 13 12 16 15 17 11 16 17 8 
Nueva solucion parcial!
Imprimiendo solucion: 
Beneficio: 85
1  * 4
2  * 4
3  * 8
10  * 1
1  * 0
9  * 3
8  * 17
7  * 2
9  * -2
8  * -1
15  * 10
17  * 8
16  * 12
11  * 3
12  * 5
13  * 1
14  * 3
16  * -1
12  * -6
11  * 5
17  * -1
8  * 5
5  * 4
4  * 3
3  * -2
6  * 0
7  * 1
10  * -1
1
Nueva solucion parcial!
Imprimiendo solucion: 
Beneficio: 86
1  * 4
2  * 4
3  * 8
10  * 1
1  * 0
9  * 3
8  * 17
7  * 2
9  * -2
8  * -1
15  * 10
17  * 8
16  * 12
11  * 3
12  * 5
13  * 1
14  * 2
15  * -1
14  * 3
16  * -1
12  * -6
11  * 5
17  * -1
8  * 5
5  * 4
4  * 3
3  * -2
6  * 0
7  * 1
10  * -1
1
Nueva solucion parcial!
Imprimiendo solucion: 
Beneficio: 87
1  * 4
2  * 4
3  * 8
10  * 1
1  * 0
9  * 3
8  * 17
7  * 2
9  * -2
8  * -1
15  * 10
17  * 8
16  * 3
14  * 2
15  * -1
14  * 1
13  * 5
12  * -1
16  * 12
11  * 5
17  * -1
8  * 5
5  * 4
4  * 3
3  * -2
2  * -2
1
Nueva solucion parcial!
Imprimiendo solucion: 
Beneficio: 89
1  * 4
2  * 4
3  * 8
10  * 1
1  * 0
9  * 3
8  * 17
7  * 2
9  * -2
8  * -1
15  * 10
17  * 8
16  * 3
14  * 2
15  * -1
14  * 1
13  * 5
12  * -1
16  * 12
11  * 5
17  * -1
8  * 5
5  * 4
4  * 3
3  * -2
6  * 0
7  * 1
10  * -1
1
Beneficio: 79
d 2 3 10 d 9 8 7 9 8 15 14 13 16 17 15 16 11 17 8 5 6 3 4 5 
Beneficio: 62
d 2 3 10 d 9 8 7 9 8 15 16 13 12 11 16 17 8 5 6 7 10 
Beneficio: 72
d 2 3 10 d 9 8 7 9 8 17 16 12 4 3 6 5 8 15 14 16 13 12 11 17 15 14 
Beneficio: 78
d 2 3 10 d 9 8 7 9 8 11 16 14 16 12 13 16 17 15 8 5 4 3 
Beneficio: 74
d 2 3 10 d 9 8 7 9 17 15 14 13 12 16 13 14 16 15 8 17 16 11 17 
######### Overtime ############
Mejor solucion encontrada!
Beneficio: 89
d 2 3 10 d 9 8 7 9 8 15 17 16 14 15 14 13 12 16 11 17 8 5 4 3 6 7 10 d 
Time taken: 1200.00s
