Evaluando ./Instances\CHRISTOFIDES\P15NoRPP
Solucion inicial: ./Instances\CHRISTOFIDES\P15NoRPP-salida.txt

Beneficio: 14
d 2 d 25 26 24 25 d 4 5 4 16 6 7 8 9 6 10 12 13 12 11 15 19 20 21 20 22 23 19 15 14 
Beneficio: -12
d 2 d 25 26 24 25 d 4 5 4 16 6 9 8 7 6 10 12 13 12 11 15 19 20 22 21 20 22 23 19 15 14 
Beneficio: -39
d 2 d 25 26 24 25 d 4 5 4 16 6 9 8 7 6 10 12 13 12 11 15 19 20 
Beneficio: -25
d 2 d 25 26 24 25 d 4 16 17 16 10 12 13 21 22 20 19 15 14 
Beneficio: 2
d 2 d 25 26 24 25 d 4 16 6 9 8 7 6 10 12 11 15 19 23 22 20 21 
Beneficio: -17
d 2 d 25 26 24 25 d 4 16 10 12 13 21 20 22 23 19 15 14 10 6 9 8 9 6 
Beneficio: 13
d 2 d 25 26 24 25 d 4 5 4 16 6 7 8 9 6 10 14 15 19 20 21 13 12 10 
Beneficio: -8
d 2 d 25 26 24 25 d 4 16 6 9 8 7 6 10 14 15 19 20 22 21 13 
Nueva solucion parcial!
Imprimiendo solucion: 
Beneficio: 43
1  * 6
2  * -3
1  * -2
25  * 17
26  * 5
24  * -1
18  * 2
17  * 15
16  * -16
6  * 26
7  * 6
8  * 23
9  * -1
6  * -21
10  * 9
12  * 2
13  * -16
21  * 24
20  * 8
19  * -6
15  * 5
14  * -7
10  * -24
16  * -3
4  * 1
5  * -1
4  * -5
1
Beneficio: 15
d 2 d 25 26 24 18 17 16 6 7 9 6 10 12 13 12 11 15 19 23 22 21 20 22 
Beneficio: 18
d 2 d 25 26 24 18 17 16 6 9 7 8 9 6 10 12 10 14 15 19 20 21 20 22 23 19 
Beneficio: 7
d 2 d 25 26 24 18 17 16 6 7 8 9 6 10 14 15 19 23 22 20 21 13 12 10 12 13 
Beneficio: 16
d 2 d 25 26 24 18 17 16 6 9 7 8 9 7 6 10 12 13 21 20 22 23 19 
Beneficio: -27
d 2 d 25 26 24 18 17 16 6 9 8 7 6 10 14 15 19 23 22 21 13 12 11 
Beneficio: 15
d 2 d 25 26 24 18 17 16 6 7 9 8 7 9 6 10 12 13 21 20 22 23 19 20 
Beneficio: -7
d 2 d 25 26 24 18 17 16 6 9 8 7 9 6 10 14 15 19 23 22 20 21 13 12 11 
Beneficio: -21
d 2 d 25 26 24 18 17 16 10 12 13 21 22 20 21 22 23 19 15 14 
Beneficio: -21
d 2 d 25 26 24 18 17 16 6 9 8 7 9 6 10 12 13 21 20 22 23 19 
Beneficio: -29
d 2 d 25 26 24 25 d 4 5 4 16 17 16 6 7 9 6 10 12 10 14 15 19 23 22 
Beneficio: -26
d 2 d 25 26 24 25 d 4 16 17 16 6 9 7 8 9 6 10 14 15 19 20 22 23 
Beneficio: -19
d 2 d 25 26 24 25 d 4 16 6 7 9 8 9 6 10 12 13 12 11 15 19 20 
Beneficio: -5
d 2 d 25 26 24 17 16 6 7 9 8 9 6 10 14 15 19 20 22 21 
Beneficio: -19
d 2 d 25 26 24 17 16 6 9 7 8 9 6 10 12 13 12 11 15 19 20 22 23 19 
Beneficio: 43
d 2 d 25 26 24 17 16 10 12 13 21 20 22 23 19 15 14 10 6 7 8 9 7 
Beneficio: -13
d 2 d 25 26 24 17 16 6 7 9 6 10 12 13 12 10 14 15 19 20 22 21 20 19 
Beneficio: -19
d 2 d 25 26 24 17 16 6 7 6 9 8 7 9 6 10 12 11 15 
Beneficio: 3
d 2 d 25 26 24 17 16 6 9 8 7 9 6 10 12 13 12 10 14 15 19 23 22 20 21 
Beneficio: -31
d 2 d 25 26 24 17 16 6 9 8 7 6 10 12 10 14 15 19 20 22 21 
Beneficio: -14
d 2 d 25 26 24 18 17 16 6 9 7 6 10 12 11 15 19 
Beneficio: -28
d 2 d 25 26 24 18 17 16 6 9 8 7 9 6 10 14 15 19 23 22 20 21 
Beneficio: 7
d 2 d 25 26 24 18 17 16 10 14 15 19 20 21 22 23 19 15 11 12 13 12 10 6 9 8 7 
Beneficio: 31
d 2 d 25 26 16 17 18 24 25 d 4 5 4 16 6 7 8 9 6 10 12 11 15 19 20 21 22 20 
Beneficio: 8
d 2 d 25 26 16 17 24 26 4 16 6 7 8 9 6 10 12 13 12 11 15 19 23 22 20 
Beneficio: -1
d 2 d 25 26 16 6 7 9 8 7 9 6 10 14 15 19 20 21 
Beneficio: -49
d 2 d 25 26 16 6 9 8 7 6 10 14 15 19 23 22 
Beneficio: 31
d 2 d 25 26 25 24 18 17 16 6 9 8 7 6 10 14 15 19 20 22 21 20 21 13 
Beneficio: -1
d 2 d 25 26 25 24 18 17 16 6 7 8 9 6 10 12 10 14 15 19 23 22 20 21 20 19 
Beneficio: -55
d 2 d 25 26 25 24 18 17 16 6 10 12 13 12 10 14 15 19 20 22 21 
Beneficio: 20
d 2 d 25 26 25 24 17 16 6 9 8 7 6 10 14 15 19 20 21 13 12 10 
Beneficio: 30
d 2 d 25 26 25 24 17 16 6 7 8 9 6 10 12 10 14 15 19 23 22 20 21 22 20 19 
Beneficio: -9
d 2 d 25 26 25 24 18 17 16 6 9 7 8 9 6 10 12 10 14 15 19 20 21 
Beneficio: -60
d 2 d 25 26 25 24 18 17 16 6 10 12 11 15 19 23 22 20 19 15 14 
Beneficio: -7
d 2 d 25 26 25 24 18 17 16 6 9 8 9 7 6 10 12 11 15 19 20 22 21 
Beneficio: -11
d 2 d 25 26 25 24 17 16 10 14 15 11 12 13 21 20 22 23 19 20 
Beneficio: 14
d 2 d 25 26 25 24 18 17 16 6 9 8 7 6 10 12 13 12 11 15 19 23 22 
Beneficio: -9
d 2 d 25 26 4 5 4 16 17 16 6 9 7 6 10 12 13 21 20 19 
Beneficio: 6
d 2 d 25 26 4 5 4 16 6 7 8 9 6 10 12 13 12 10 14 15 19 23 22 20 21 22 
Beneficio: -31
d 2 d 25 26 4 16 17 16 6 7 8 9 6 10 12 10 14 15 19 23 
Beneficio: -28
d 2 d 25 26 4 16 6 9 7 6 10 14 15 19 23 22 20 21 20 
Beneficio: 3
d 2 d 25 26 24 18 17 16 6 7 9 6 10 12 13 21 20 22 23 19 20 
Beneficio: -49
d 2 d 25 26 24 17 16 10 14 15 19 20 21 22 23 19 15 11 12 13 12 
Beneficio: -3
d 2 d 25 26 16 17 16 6 9 8 7 6 10 14 15 19 23 22 20 19 
Beneficio: 18
d 2 d 25 26 4 16 6 9 8 7 6 10 12 13 21 20 22 23 19 20 
Beneficio: 38
d 2 d 25 24 26 25 24 18 17 16 6 9 8 7 6 10 14 15 11 12 13 21 20 22 23 19 
Beneficio: -9
d 2 d 25 24 26 25 24 18 17 16 6 9 7 6 10 14 15 19 23 22 20 21 13 12 13 
Beneficio: -3
d 2 d 25 24 26 25 24 18 17 16 6 9 8 7 9 6 10 12 11 15 19 23 22 21 20 22 
Beneficio: -14
d 2 d 25 24 26 25 24 18 17 16 6 9 7 6 10 12 13 12 11 15 19 23 22 21 20 22 
Beneficio: 25
d 2 d 25 24 26 25 24 18 17 16 6 7 9 8 9 6 10 12 13 21 20 22 23 19 
Beneficio: -46
d 2 d 25 24 26 25 24 18 17 16 10 12 13 12 11 15 19 20 22 21 
Beneficio: 14
d 2 d 25 24 26 25 24 18 17 16 10 14 15 19 20 21 13 12 10 6 9 7 6 9 8 7 
Beneficio: 43
d 2 d 25 24 26 25 24 17 16 6 9 8 7 6 10 14 15 19 20 21 13 12 10 12 
Beneficio: 7
d 2 d 25 24 26 25 24 17 16 10 12 13 21 20 19 15 14 10 6 9 7 8 9 
Beneficio: -29
d 2 d 25 24 26 25 24 17 16 6 9 7 6 10 12 13 12 10 14 15 19 
Beneficio: -1
d 2 d 25 24 26 25 24 17 16 6 9 8 7 9 6 10 14 15 19 20 21 20 22 23 19 
Beneficio: -5
d 2 d 25 24 26 25 24 17 16 6 9 8 7 6 10 12 10 14 15 19 20 22 23 19 15 11 
Beneficio: -31
d 2 d 25 24 26 25 24 18 17 16 6 7 8 9 6 10 12 11 15 19 23 
Beneficio: -32
d 2 d 25 24 26 25 24 18 17 16 6 9 8 7 9 6 10 12 13 21 22 20 
Beneficio: 3
d 2 d 25 24 26 25 d 4 5 4 16 6 7 8 9 6 10 12 13 12 10 14 15 19 23 22 20 21 22 20 19 15 
Beneficio: -29
d 2 d 25 24 26 25 d 4 5 4 16 6 10 12 10 14 15 19 23 22 20 21 
Beneficio: -53
d 2 d 25 24 26 25 d 4 16 6 9 8 7 9 6 10 12 13 12 11 15 19 20 
Beneficio: -26
d 2 d 25 24 26 25 d 4 5 4 16 6 9 7 6 10 12 13 21 20 22 23 19 15 
Beneficio: -25
d 2 d 25 24 26 25 26 16 6 9 7 6 10 12 13 21 22 20 19 15 
Beneficio: -5
d 2 d 25 24 26 25 26 16 17 16 10 12 13 12 10 6 9 8 7 6 7 
Beneficio: -23
d 2 d 25 24 26 16 17 24 25 26 4 16 6 9 8 7 9 6 10 12 11 15 19 20 22 23 19 
Beneficio: 4
d 2 d 25 24 26 16 17 16 10 14 15 19 23 22 20 21 13 12 10 6 7 8 9 
Beneficio: -60
d 2 d 25 24 26 16 6 9 7 8 9 6 10 14 15 19 23 22 21 13 12 11 
Beneficio: -9
d 2 d 25 24 26 4 5 4 16 17 18 24 25 26 16 6 7 9 6 10 14 15 19 23 22 20 19 15 
Beneficio: -2
d 2 d 25 24 26 4 5 4 16 6 9 8 7 6 10 12 10 14 15 19 20 21 22 20 19 23 
Beneficio: -21
d 2 d 25 24 26 4 16 17 16 10 12 13 12 11 15 19 23 22 21 20 19 
Beneficio: -9
d 2 d 25 24 26 4 16 6 7 8 9 6 10 12 10 14 15 19 23 22 20 19 
Beneficio: -62
d 2 d 25 24 26 4 5 4 16 6 9 8 7 9 6 10 12 11 15 19 
Beneficio: -12
d 2 d 25 24 18 17 16 6 7 9 6 10 12 13 12 10 14 15 19 23 22 20 21 20 
Beneficio: 11
d 2 d 25 24 18 17 16 6 9 7 8 9 6 10 12 10 14 15 19 23 22 20 21 20 19 15 
Beneficio: -36
d 2 d 25 24 18 17 16 6 7 8 9 6 10 14 15 19 23 22 20 21 13 12 13 
Beneficio: 6
d 2 d 25 24 18 17 16 6 9 7 8 9 6 10 14 15 19 20 21 22 20 
Beneficio: -29
d 2 d 25 24 18 17 16 6 9 8 7 6 10 12 13 21 22 20 19 
Beneficio: -30
d 2 d 25 24 18 17 16 6 7 8 9 6 10 12 13 21 20 22 23 19 
Beneficio: -7
d 2 d 25 24 18 17 16 6 9 8 7 9 6 10 12 13 21 20 22 
Beneficio: -46
d 2 d 25 24 18 17 16 10 12 13 12 11 15 19 23 22 20 21 
Beneficio: -14
d 2 d 25 24 18 17 16 6 9 8 7 6 10 12 10 14 15 19 20 21 22 20 19 23 
Beneficio: 25
d 2 d 25 24 17 16 17 18 24 26 25 d 4 16 6 7 9 8 9 6 10 12 11 15 19 20 21 22 20 
Beneficio: -27
d 2 d 25 24 17 16 6 7 9 6 10 14 15 19 23 22 20 21 
Beneficio: -12
d 2 d 25 24 17 16 6 9 7 6 10 12 13 12 10 14 15 19 23 22 21 20 22 21 
Beneficio: -28
d 2 d 25 24 17 16 6 9 8 7 6 10 12 13 21 22 23 19 20 
Beneficio: -39
d 2 d 25 24 17 16 6 9 8 7 6 10 12 13 12 11 15 19 20 22 23 19 15 14 
Beneficio: -18
d 2 d 25 24 17 16 6 7 9 6 10 12 10 14 15 19 20 22 21 20 22 23 19 
Beneficio: -31
d 2 d 25 24 17 16 10 14 15 19 20 22 21 20 21 13 12 13 
Beneficio: -32
d 2 d 25 24 17 16 10 14 15 19 23 22 20 21 13 12 10 6 9 7 8 9 
Beneficio: -45
d 2 d 25 24 18 17 16 6 7 8 9 6 10 12 13 21 22 23 19 
Beneficio: -35
d 2 d 25 24 18 17 16 6 9 7 6 10 12 13 21 20 19 15 
Beneficio: -38
d 2 d 25 24 18 17 16 6 7 8 9 6 10 14 15 11 
Beneficio: 34
d 2 d 25 24 26 25 24 18 17 16 6 7 8 9 6 10 14 15 19 20 21 20 22 23 19 15 11 12 
Beneficio: -2
d 2 d 25 24 26 25 24 18 17 16 6 9 8 7 6 10 12 13 21 22 
Beneficio: 14
d 2 d 25 24 26 25 24 18 17 16 6 9 8 7 9 6 10 12 13 21 20 19 23 22 20 21 
Beneficio: -57
d 2 d 25 24 26 25 24 18 17 16 6 10 12 13 12 10 14 15 19 20 22 23 19 
Beneficio: 19
d 2 d 25 24 26 25 24 18 17 16 6 9 8 7 6 10 14 15 19 23 22 20 21 20 19 15 
Beneficio: -8
d 2 d 25 24 26 25 24 18 17 16 6 9 7 6 10 12 13 12 11 15 19 23 22 20 21 20 19 
Beneficio: 25
d 2 d 25 24 26 25 24 17 16 6 9 7 8 9 7 6 10 12 10 14 15 19 23 22 20 21 
Beneficio: -65
d 2 d 25 24 26 25 24 17 16 6 10 12 13 21 22 20 
Beneficio: -9
d 2 d 25 24 26 25 24 17 16 6 7 9 8 9 6 10 12 13 21 22 23 19 15 
Beneficio: -50
d 2 d 25 24 26 25 24 17 16 10 12 10 6 9 7 6 9 
Beneficio: -32
d 2 d 25 24 26 25 24 18 17 16 10 6 9 8 7 6 7 9 
Beneficio: 9
d 2 d 25 24 26 25 d 4 5 4 16 6 7 9 6 10 12 10 14 15 19 20 22 21 20 
Beneficio: -28
d 2 d 25 24 26 25 d 4 16 17 16 10 14 15 19 23 22 20 21 22 20 19 15 14 
Beneficio: 21
d 2 d 25 24 26 25 d 4 5 4 16 17 16 6 7 9 8 7 9 6 10 14 15 19 20 21 
Beneficio: 11
d 2 d 25 24 26 25 26 16 6 7 8 9 6 10 14 15 19 20 22 21 20 
Beneficio: -26
d 2 d 25 24 26 16 17 18 24 25 26 16 10 12 13 12 11 15 19 23 22 21 20 
Beneficio: -37
d 2 d 25 24 26 16 6 7 8 9 6 10 12 11 15 19 20 22 23 19 15 14 
Beneficio: -70
d 2 d 25 24 26 16 10 12 11 15 19 23 22 21 20 19 15 
Beneficio: -67
d 2 d 25 24 26 4 5 4 16 10 6 9 7 6 9 7 8 
Beneficio: -86
d 2 d 25 24 26 4 16 10 14 15 19 23 22 20 19 15 11 12 13 21 
Beneficio: 6
d 2 d 25 24 26 4 16 6 9 8 7 6 10 12 13 21 20 19 15 
Beneficio: 28
d 2 d 25 24 18 17 16 6 9 8 7 6 10 12 11 15 19 23 22 20 21 20 19 15 14 
Beneficio: -43
d 2 d 25 24 18 17 16 6 9 7 8 9 6 10 12 10 14 15 19 20 22 23 
Beneficio: -2
d 2 d 25 24 18 17 16 6 9 8 7 6 10 14 15 19 20 21 20 22 
Beneficio: -33
d 2 d 25 24 18 17 16 6 9 7 8 9 6 10 12 13 12 11 15 19 20 21 22 23 19 15 
Beneficio: -38
d 2 d 25 24 18 17 16 6 7 9 6 10 12 10 14 15 19 20 22 23 
Beneficio: -43
d 2 d 25 24 18 17 16 10 12 13 21 22 23 19 20 21 22 20 19 15 
Beneficio: -64
d 2 d 25 24 18 17 16 10 14 15 19 23 22 21 20 19 15 11 
Beneficio: -21
d 2 d 25 24 17 16 6 7 8 9 6 10 12 13 12 11 15 19 20 22 21 20 
Beneficio: -12
d 2 d 25 24 17 16 6 9 7 8 9 7 6 10 12 11 15 19 23 22 20 21 22 
Beneficio: -29
d 2 d 25 24 17 16 6 7 8 9 6 10 12 13 21 20 19 23 
Beneficio: -19
d 2 d 25 24 17 16 6 7 8 9 6 10 12 13 21 22 23 19 20 
Beneficio: -7
d 2 d 25 24 17 16 10 14 15 19 20 21 13 12 10 6 9 7 8 9 
Beneficio: 13
d 2 d 25 24 18 17 16 6 9 8 7 6 10 12 13 12 11 15 19 20 21 22 23 19 15 
Beneficio: -60
d 2 d 25 24 18 17 16 10 12 10 14 15 19 20 22 23 
Beneficio: -30
d 2 d 25 24 26 16 10 12 10 14 15 19 23 22 20 21 
Beneficio: -23
d 2 d 25 26 24 18 17 16 6 9 8 7 6 10 12 13 21 20 22 23 19 
Beneficio: -21
d 2 d 25 26 24 18 17 16 6 9 7 8 9 6 10 12 10 14 15 19 20 22 21 20 22 
Beneficio: -55
d 2 d 25 26 24 18 17 16 6 7 9 6 10 12 13 12 11 15 19 20 22 23 19 15 14 
Beneficio: -28
d 2 d 25 26 24 17 16 10 14 15 19 20 22 21 20 19 15 11 12 10 12 13 
Beneficio: -57
d 2 d 25 26 24 17 16 10 14 15 11 12 13 21 22 23 19 20 
Beneficio: -92
d 2 d 25 26 24 18 17 16 6 10 14 15 19 20 22 23 
Beneficio: -23
d 2 d 25 26 4 5 4 16 17 18 24 26 16 10 12 10 6 7 8 9 6 
Beneficio: -64
d 2 d 25 26 24 18 17 16 10 14 15 19 23 22 20 21 20 
Beneficio: 9
d 2 d 4 5 4 16 17 18 24 26 25 24 17 16 6 9 7 6 10 12 13 21 20 22 23 19 15 14 
Beneficio: 37
d 2 d 4 5 4 16 17 18 24 26 25 24 17 16 6 9 8 7 6 10 12 13 21 20 19 23 22 
Beneficio: -3
d 2 d 4 5 4 16 17 18 24 26 16 6 7 8 9 6 10 12 13 21 20 22 23 19 15 
Beneficio: -4
d 2 d 4 5 4 16 17 18 24 25 26 24 17 16 6 9 8 7 6 10 12 13 21 20 19 15 
Beneficio: -11
d 2 d 4 5 4 16 17 18 24 25 26 16 6 9 8 9 7 6 10 14 15 19 20 22 23 
Beneficio: -1
d 2 d 4 5 4 16 17 18 24 25 26 24 17 16 6 9 7 6 10 12 13 21 20 22 23 19 15 14 
Beneficio: -20
d 2 d 4 5 4 16 17 18 24 25 26 16 10 14 15 19 20 21 20 22 
Beneficio: -25
d 2 d 4 5 4 16 17 18 24 25 26 16 10 12 11 15 19 20 22 21 20 22 
Beneficio: -24
d 2 d 4 5 4 16 17 24 26 25 24 18 17 16 6 10 12 10 14 15 19 20 21 22 20 
Beneficio: 12
d 2 d 4 5 4 16 17 24 26 25 24 18 17 16 6 9 7 6 10 12 10 14 15 19 20 22 21 20 22 
Beneficio: 24
d 2 d 4 5 4 16 17 24 26 16 6 7 8 9 6 10 12 13 21 20 22 23 19 15 14 
Beneficio: -7
d 2 d 4 5 4 16 17 24 25 26 24 18 17 16 10 12 13 12 10 14 15 19 23 22 20 21 
Beneficio: 24
d 2 d 4 5 4 16 17 24 25 26 16 6 7 9 8 7 9 6 10 12 13 12 10 14 15 19 23 22 21 20 
Beneficio: 0
d 2 d 4 5 4 16 17 24 25 26 24 18 17 16 6 7 8 9 6 10 12 11 15 19 23 22 20 19 
Beneficio: -31
d 2 d 4 5 4 16 17 24 25 26 16 10 12 13 12 11 15 19 20 22 21 20 
Beneficio: 27
d 2 d 4 5 4 16 17 18 24 26 25 26 16 6 7 8 9 6 10 12 13 21 20 19 15 14 
Beneficio: -20
d 2 d 4 5 4 16 17 18 24 25 26 16 6 7 8 9 6 10 12 10 14 15 19 20 22 
Beneficio: -31
d 2 d 4 5 4 16 17 18 24 25 26 16 10 12 11 15 19 20 22 21 20 19 23 
Beneficio: 35
d 2 d 4 5 4 16 17 16 6 9 8 7 6 10 12 10 14 15 19 20 22 21 20 22 23 
Beneficio: -15
d 2 d 4 5 4 16 17 24 26 25 24 17 16 6 9 7 8 9 7 6 10 
Beneficio: 3
d 2 d 4 5 4 16 17 24 25 26 24 18 17 16 6 7 8 9 6 10 12 10 14 
Beneficio: -36
d 2 d 4 5 4 16 17 18 24 26 25 24 17 16 6 9 7 6 10 12 10 14 15 19 20 22 
Beneficio: -71
d 2 d 4 5 4 16 17 18 24 25 26 24 17 16 10 12 10 14 15 19 23 22 
Beneficio: 10
d 2 d 4 5 4 16 26 25 24 18 17 16 6 7 8 9 6 10 14 15 19 20 21 22 23 
Beneficio: -47
d 2 d 4 5 4 16 26 25 24 18 17 16 10 12 10 6 9 7 6 9 7 
Beneficio: 21
d 2 d 4 5 4 16 26 25 24 17 16 6 9 8 7 6 10 12 10 14 15 19 20 22 23 19 15 
Beneficio: -16
d 2 d 4 5 4 16 26 25 24 18 17 16 10 12 13 12 11 15 19 23 22 21 20 19 
Beneficio: -59
d 2 d 4 5 4 16 26 25 24 17 16 10 12 13 21 20 22 23 19 15 14 
Beneficio: -24
d 2 d 4 5 4 16 26 24 25 26 25 24 18 17 16 10 14 15 19 23 22 20 21 20 19 15 
Beneficio: -68
d 2 d 4 5 4 16 26 24 18 17 16 10 12 13 21 20 22 23 19 15 
Beneficio: -37
d 2 d 4 5 4 16 26 24 17 16 10 14 15 19 23 22 20 21 13 12 10 6 9 
Beneficio: -31
d 2 d 4 5 4 16 6 9 8 7 6 10 14 15 11 12 13 21 20 19 23 22 21 
Beneficio: -7
d 2 d 4 5 4 16 26 25 24 18 17 16 6 9 7 8 9 6 10 12 10 14 15 19 20 22 23 19 
Beneficio: -64
d 2 d 4 5 4 16 10 12 13 21 22 20 19 15 14 
Beneficio: -48
d 2 d 4 5 4 26 25 24 26 16 10 12 13 21 22 23 19 20 22 
Beneficio: -48
d 2 d 4 5 4 26 25 24 18 17 16 6 9 7 8 9 6 10 12 11 15 19 20 
Beneficio: 12
d 2 d 4 5 4 26 25 24 17 16 6 9 8 7 6 10 12 13 21 20 19 23 
Beneficio: -17
d 2 d 4 5 4 26 25 24 18 17 16 10 12 13 12 10 14 15 19 20 22 21 20 22 23 19 15 
Beneficio: -39
d 2 d 4 5 4 26 25 24 18 17 16 6 9 7 8 9 6 10 12 13 21 22 20 
Beneficio: -5
d 2 d 4 5 4 26 25 24 17 16 6 9 8 7 9 6 10 14 15 19 23 22 20 21 13 12 13 
Beneficio: 1
d 2 d 4 5 4 26 25 26 24 18 17 16 6 7 8 9 7 6 10 12 
Beneficio: -22
d 2 d 4 5 4 26 24 25 26 16 17 16 10 14 15 19 20 22 21 20 19 23 
Beneficio: 27
d 2 d 4 5 4 26 24 25 26 24 17 16 6 9 8 7 6 10 12 10 14 15 19 23 22 20 19 
Beneficio: -40
d 2 d 4 5 4 26 24 18 17 16 6 9 7 8 9 6 10 12 11 15 19 
Beneficio: 15
d 2 d 4 5 4 26 24 25 26 16 6 7 8 9 6 10 12 10 14 15 19 23 22 21 20 22 
Beneficio: -63
d 2 d 4 5 4 26 24 17 16 6 7 6 10 14 15 19 23 22 20 21 
Beneficio: -29
d 2 d 4 5 4 26 16 17 18 24 26 25 24 17 16 6 7 8 9 6 10 12 11 
Beneficio: 32
d 2 d 4 5 4 26 16 17 24 25 26 24 18 17 16 6 7 8 9 6 10 12 13 21 20 19 15 14 
Beneficio: -50
d 2 d 4 5 4 26 25 24 17 16 6 9 8 7 6 10 12 13 
Beneficio: -82
d 2 d 4 5 4 26 24 17 16 10 12 11 15 19 23 22 21 
Beneficio: -34
d 2 d 4 5 4 26 25 24 18 17 16 10 14 15 19 20 21 22 
Beneficio: -13
d 2 d 4 5 4 26 24 18 17 16 6 9 8 7 6 10 12 13 21 22 20 19 23 22 20 
Beneficio: -40
d 2 d 4 5 4 26 25 24 18 17 16 10 14 15 19 23 22 20 21 22 23 
Beneficio: 64
d 2 d 4 16 17 18 24 26 25 24 17 16 6 7 8 9 6 10 12 13 21 20 19 15 14 
Beneficio: 2
d 2 d 4 16 17 18 24 26 25 24 17 16 6 9 8 7 9 6 10 12 13 21 20 22 
Beneficio: -23
d 2 d 4 16 17 18 24 26 25 24 18 17 16 6 9 7 6 10 12 13 12 10 14 15 19 23 22 
Beneficio: -61
d 2 d 4 16 17 18 24 26 16 10 12 13 12 11 15 19 23 22 20 19 23 
Beneficio: 18
d 2 d 4 16 17 18 24 25 26 24 17 16 6 7 9 8 9 6 10 14 15 19 23 22 21 20 22 
Beneficio: -31
d 2 d 4 16 17 18 24 25 26 16 6 10 14 15 11 12 13 21 20 19 23 22 
Beneficio: -30
d 2 d 4 16 17 18 24 25 26 24 17 16 10 12 13 12 11 15 19 23 22 21 20 22 21 
Beneficio: -34
d 2 d 4 16 17 18 24 25 26 16 10 14 15 19 23 22 20 21 13 12 13 
Beneficio: -17
d 2 d 4 16 17 18 24 25 26 16 6 9 8 7 9 6 10 14 15 19 20 22 23 
Beneficio: -41
d 2 d 4 16 17 24 26 25 24 18 17 16 10 12 13 12 11 15 19 23 22 21 
Beneficio: 8
d 2 d 4 16 17 24 26 25 24 18 17 16 6 9 8 7 6 10 14 15 19 20 22 23 19 15 11 12 
Beneficio: -54
d 2 d 4 16 17 24 26 25 24 17 16 6 10 14 15 19 20 22 23 19 
Beneficio: 47
d 2 d 4 16 17 24 25 26 24 18 17 16 6 7 8 9 6 10 12 10 14 15 19 20 21 
Beneficio: -12
d 2 d 4 16 17 24 25 26 24 18 17 16 10 12 13 12 10 6 9 8 7 6 7 9 
Beneficio: -36
d 2 d 4 16 17 24 25 26 16 6 10 12 11 15 19 20 21 20 22 23 19 
Beneficio: -42
d 2 d 4 16 17 24 25 26 24 18 17 16 6 10 12 11 15 19 23 22 20 19 
Beneficio: -39
d 2 d 4 16 17 24 25 26 16 6 7 8 9 6 10 12 11 15 19 
Beneficio: -59
d 2 d 4 16 17 18 24 26 25 24 17 16 6 10 14 15 19 23 
Beneficio: -11
d 2 d 4 16 17 18 24 25 26 24 17 16 6 7 8 9 6 10 12 13 12 11 15 19 23 22 20 19 15 
Beneficio: -21
d 2 d 4 16 17 18 24 25 26 24 17 16 6 9 8 7 9 6 10 12 13 12 10 14 15 19 23 22 
Beneficio: -16
d 2 d 4 16 17 16 6 7 9 6 10 14 15 19 23 22 21 20 22 
Beneficio: -40
d 2 d 4 16 17 16 6 9 8 9 6 10 12 11 15 19 20 22 23 19 15 14 
Beneficio: -38
d 2 d 4 16 17 24 26 25 24 18 17 16 10 14 15 19 23 22 20 21 
Beneficio: -56
d 2 d 4 16 17 24 25 26 16 10 12 13 21 20 22 23 19 15 
Beneficio: 1
d 2 d 4 16 17 18 24 26 25 24 17 16 6 9 8 7 6 10 12 11 15 19 20 22 23 19 15 14 
Beneficio: 24
d 2 d 4 16 17 24 26 25 24 18 17 16 6 7 8 9 6 10 12 13 21 22 20 21 20 19 23 22 
######### Overtime ############
Mejor solucion encontrada!
Beneficio: 43
d 2 d 25 26 24 18 17 16 6 7 8 9 6 10 12 13 21 20 19 15 14 10 16 4 5 4 d 
Time taken: 1200.00s
