Evaluando ./Instances\CHRISTOFIDES\P16NoRPP
Solucion inicial: ./Instances\CHRISTOFIDES\P16NoRPP-salida.txt

Beneficio: 81
d 2 3 4 5 23 22 8 7 6 d 3 31 30 29 28 30 2 d 7 9 8 6 23 22 11 10 12 14 13 12 11 14 13 15 16 17 18 19 21 19 17 19 20 17 20 21 26 24 25 26 29 27 28 31 5 
Beneficio: 70
d 2 3 4 5 23 22 8 7 6 d 3 31 30 29 28 30 2 d 7 9 8 6 23 22 11 10 12 14 13 12 11 14 13 15 16 17 18 19 17 15 16 20 17 20 19 21 20 21 29 27 26 24 22 
Beneficio: 79
d 2 3 4 5 23 22 8 7 6 d 3 31 30 29 28 30 2 d 7 9 8 6 23 22 11 10 12 14 13 12 11 14 13 15 16 17 18 24 26 25 24 22 21 19 18 17 20 17 19 20 16 15 
Beneficio: 68
d 2 3 4 5 23 22 8 7 6 d 3 31 30 29 28 30 2 d 7 9 8 6 23 22 11 10 12 14 13 12 11 14 13 15 16 17 18 19 17 19 21 20 21 26 25 24 26 27 28 31 
Beneficio: 73
d 2 3 4 5 23 22 8 7 6 d 3 31 30 29 28 30 2 d 7 9 8 6 23 22 11 10 12 14 13 12 11 14 13 15 16 17 18 17 19 21 20 19 18 9 10 13 15 17 20 16 
Beneficio: 62
d 2 3 4 5 23 22 8 7 6 d 3 31 30 29 28 30 2 d 7 9 8 6 23 22 11 10 12 14 13 12 11 14 13 15 16 17 20 19 18 17 19 18 24 22 21 
Beneficio: 65
d 2 3 4 5 23 22 8 7 6 d 3 31 30 29 28 30 2 d 7 9 8 6 23 22 11 10 12 14 13 12 11 14 13 15 16 17 20 19 21 26 24 18 17 15 16 20 21 19 18 22 9 
Beneficio: 84
d 2 3 4 5 23 22 8 7 6 d 3 31 30 29 28 30 2 d 7 9 8 6 23 22 11 10 12 14 13 12 11 14 13 15 16 17 20 21 19 18 17 19 21 20 19 18 24 25 26 27 29 21 
Beneficio: 84
d 2 3 4 5 23 22 8 7 6 d 3 31 30 29 28 30 2 d 7 9 8 6 23 22 11 10 12 14 13 12 11 14 13 15 16 17 20 21 20 19 21 26 25 24 18 19 17 18 9 22 29 27 
Beneficio: 76
d 2 3 4 5 23 22 8 7 6 d 3 31 30 29 28 30 2 d 7 9 8 6 23 22 11 10 12 14 13 12 11 14 13 15 16 17 20 21 26 25 24 18 17 19 18 9 10 13 15 16 20 19 21 
Beneficio: 68
d 2 3 4 5 23 22 8 7 6 d 3 31 30 29 28 30 2 d 7 9 8 6 23 22 11 10 12 14 13 12 11 14 13 15 16 17 20 16 15 17 19 20 21 19 21 26 24 25 26 29 27 28 31 
Beneficio: 80
d 2 3 4 5 23 22 8 7 6 d 3 31 30 29 28 30 2 d 7 9 8 6 23 22 11 10 12 14 13 12 11 14 13 15 16 17 20 17 19 18 17 15 16 20 19 21 22 18 24 25 26 27 28 31 
Beneficio: 62
d 2 3 4 5 23 22 8 7 6 d 3 31 30 29 28 30 2 d 7 9 8 6 23 22 11 10 12 14 13 12 11 14 13 15 16 17 20 17 19 18 17 19 20 21 29 27 26 24 25 
Beneficio: 70
d 2 3 4 5 23 22 8 7 6 d 3 31 30 29 28 30 2 d 7 9 8 6 23 22 11 10 12 14 13 12 11 14 13 15 16 17 20 21 19 18 17 19 21 26 25 24 22 29 27 28 31 
Beneficio: 77
d 2 3 4 5 23 22 8 7 6 d 3 31 30 29 28 30 2 d 7 9 8 6 23 22 11 10 12 14 13 12 11 14 13 15 16 17 19 18 24 25 26 21 19 17 20 19 18 17 16 20 
Beneficio: 62
d 2 3 4 5 23 22 8 7 6 d 3 31 30 29 28 30 2 d 7 9 8 6 23 22 11 10 12 14 13 12 11 14 13 15 16 17 19 20 17 15 16 20 21 19 21 26 24 25 26 27 28 31 
Beneficio: 72
d 2 3 4 5 23 22 8 7 6 d 3 31 30 29 28 30 2 d 7 9 8 6 23 22 11 10 12 14 13 12 11 14 13 15 16 17 19 20 16 15 17 19 18 26 25 24 26 21 19 21 20 17 20 
Beneficio: 63
d 2 3 4 5 23 22 8 7 6 d 3 31 30 29 28 30 2 d 7 9 8 6 23 22 11 10 12 14 13 12 11 14 13 15 16 17 19 21 20 17 15 16 20 19 18 9 22 29 28 31 5 
Beneficio: 71
d 2 3 4 5 23 22 8 7 6 d 3 31 30 29 28 30 2 d 7 9 8 6 23 22 11 10 12 14 13 12 11 14 13 15 16 17 19 21 19 20 21 29 27 26 24 25 26 18 19 17 20 
Beneficio: 76
d 2 3 4 5 23 22 8 7 6 d 3 31 30 29 28 30 2 d 7 9 8 6 23 22 11 10 12 14 13 12 11 14 13 15 16 17 19 17 20 19 18 17 20 21 26 25 24 18 22 
Beneficio: 84
d 2 3 4 5 23 22 8 7 6 d 3 31 30 29 28 30 2 d 7 9 8 6 23 22 11 10 12 14 13 12 11 14 13 15 16 17 19 17 15 16 20 21 20 19 18 17 18 24 26 25 24 
Beneficio: 72
d 2 3 4 5 23 22 8 7 6 d 3 31 30 29 28 30 2 d 7 9 8 6 23 22 11 10 12 14 13 12 11 14 13 15 16 17 19 18 17 15 16 20 21 20 19 21 26 24 25 26 27 28 31 
Beneficio: 70
d 2 3 4 5 23 22 8 7 6 d 3 31 30 29 28 30 2 d 7 9 8 6 23 22 11 10 12 14 13 12 11 14 13 15 16 17 15 16 20 19 17 18 19 20 21 19 21 26 25 24 22 
Beneficio: 82
d 2 3 4 5 23 22 8 7 6 d 3 31 30 29 28 30 2 d 7 9 8 6 23 22 11 10 12 14 13 12 11 14 13 15 16 17 15 16 20 17 20 19 21 20 19 18 26 25 24 18 17 
Beneficio: 59
d 2 3 4 5 23 22 8 7 6 d 3 31 30 29 28 30 2 d 7 9 8 6 23 22 11 10 12 14 13 12 11 14 13 15 16 17 15 16 20 21 19 17 18 19 20 21 29 26 27 28 
Beneficio: 57
d 2 3 4 5 23 22 8 7 6 d 3 31 30 29 28 30 2 d 7 9 8 6 23 22 11 10 12 14 13 12 11 14 13 15 16 17 15 16 20 21 19 21 29 26 24 25 26 27 
Beneficio: 72
d 2 3 4 5 23 22 8 7 6 d 3 31 30 29 28 30 2 d 7 9 8 6 23 22 11 10 12 14 13 12 11 14 13 15 16 17 20 19 18 19 17 18 22 21 26 24 25 26 
Beneficio: 59
d 2 3 4 5 23 22 8 7 6 d 3 31 30 29 28 30 2 d 7 9 8 6 23 22 11 10 12 14 13 12 11 14 13 15 16 17 20 19 17 20 21 29 26 25 24 18 19 18 
Beneficio: 74
d 2 3 4 5 23 22 8 7 6 d 3 31 30 29 28 30 2 d 7 9 8 6 23 22 11 10 12 14 13 12 11 14 13 15 16 17 20 21 19 18 17 20 21 29 27 26 25 24 18 19 20 16 
Beneficio: 78
d 2 3 4 5 23 22 8 7 6 d 3 31 30 29 28 30 2 d 7 9 8 6 23 22 11 10 12 14 13 12 11 14 13 15 16 17 19 18 17 15 16 20 21 20 19 21 26 25 24 26 27 29 22 
Beneficio: 68
d 2 3 4 5 23 22 8 7 6 d 3 31 30 29 28 30 2 d 7 9 8 6 23 22 11 10 12 14 13 12 11 14 13 15 16 17 19 20 17 18 24 25 26 21 20 21 29 27 28 31 5 
Beneficio: 76
d 2 3 4 5 23 22 8 7 6 d 3 31 30 29 28 30 2 d 7 9 8 6 23 22 11 10 12 14 13 12 11 14 13 15 16 17 19 20 17 19 21 20 17 18 19 21 22 29 28 27 26 24 25 26 
Beneficio: 62
d 2 3 4 5 23 22 8 7 6 d 3 31 30 29 28 30 2 d 7 9 8 6 23 22 11 10 12 14 13 12 11 14 13 15 16 17 19 21 20 17 18 22 29 26 24 25 26 21 
Beneficio: 63
d 2 3 4 5 23 22 8 7 6 d 3 31 30 29 28 30 2 d 7 9 8 6 23 22 11 10 12 14 13 12 11 14 13 15 16 17 15 16 20 19 21 20 21 26 25 26 
Beneficio: 66
d 2 3 4 5 23 22 8 7 6 d 3 31 30 29 28 30 2 d 7 9 8 6 23 22 11 10 12 14 13 12 11 14 13 15 16 17 18 19 21 29 26 25 24 18 19 20 
Beneficio: 64
d 2 3 4 5 23 22 8 7 6 d 3 31 30 29 28 30 2 d 7 9 8 6 23 22 11 10 12 14 13 12 11 14 13 15 16 20 19 18 17 19 17 15 16 17 20 21 26 29 27 28 31 
Beneficio: 73
d 2 3 4 5 23 22 8 7 6 d 3 31 30 29 28 30 2 d 7 9 8 6 23 22 11 10 12 14 13 12 11 14 13 15 16 20 19 18 19 17 16 15 17 18 22 29 24 26 25 24 
Beneficio: 65
d 2 3 4 5 23 22 8 7 6 d 3 31 30 29 28 30 2 d 7 9 8 6 23 22 11 10 12 14 13 12 11 14 13 15 16 20 19 21 20 17 19 18 17 18 24 26 
######### Overtime ############
Mejor solucion encontrada!
Beneficio: 81
d 2 30 29 22 11 12 14 13 12 10 11 14 18 17 16 20 19 21 29 28 30 31 3 4 5 23 22 8 7 6 d 
Time taken: 1200.00s
