Evaluando ./Instances\CHRISTOFIDES\P19NoRPP
Solucion inicial: ./Instances\CHRISTOFIDES\P19NoRPP-salida.txt

Nueva solucion parcial!
Imprimiendo solucion: 
Beneficio: 81
1  * 10
2  * 3
4  * 19
3  * 0
2  * -3
4  * 5
5  * -3
33  * 3
32  * 4
31  * 5
29  * 11
30  * -1
14  * 1
12  * 12
13  * -6
12  * 3
11  * 9
10  * -1
7  * 13
6  * 4
8  * 0
9  * 0
6  * -7
1
Beneficio: 79
d 2 4 3 2 4 5 33 32 31 29 30 14 12 13 12 11 10 7 6 8 9 10 12 14 16 15 17 18 19 21 23 22 23 20 18 19 30 32 25 27 26 24 25 26 27 
Beneficio: 63
d 2 4 3 2 4 5 33 32 31 29 30 14 12 13 12 11 10 7 6 8 9 10 12 14 16 15 17 18 19 21 23 22 25 24 26 25 30 32 28 31 
Beneficio: 56
d 2 4 3 2 4 5 33 32 31 29 30 14 12 13 12 11 10 7 6 8 9 10 12 14 16 15 17 18 19 21 23 20 18 19 30 25 24 26 25 30 29 
Beneficio: 69
d 2 4 3 2 4 5 33 32 31 29 30 14 12 13 12 11 10 7 6 8 9 10 12 14 30 25 26 27 26 25 22 23 20 21 19 18 
Beneficio: 38
d 2 4 3 2 4 5 33 32 31 29 30 14 12 13 12 11 10 7 6 8 9 10 12 14 30 29 31 28 32 25 22 23 20 18 
Beneficio: 61
d 2 4 3 2 4 5 33 32 31 29 30 14 12 13 12 11 10 7 6 8 9 10 12 14 31 28 32 30 25 26 27 26 24 25 30 19 21 23 22 
Beneficio: 63
d 2 4 3 2 4 5 33 32 31 29 30 14 12 13 12 11 10 7 6 8 9 10 12 14 31 28 32 25 24 26 27 25 22 23 21 20 18 19 21 20 
Beneficio: 66
d 2 4 3 2 4 5 33 32 31 29 30 14 12 13 12 11 10 7 6 8 9 10 12 14 31 32 25 27 26 24 25 30 19 21 20 18 17 15 16 11 
Beneficio: 60
d 2 4 3 2 4 5 33 32 31 29 30 14 12 13 12 11 10 7 6 8 9 10 12 14 31 28 29 28 32 30 25 24 26 25 30 19 21 20 18 
Beneficio: 51
d 2 4 3 2 4 5 33 32 31 29 30 14 12 13 12 11 10 7 6 8 9 10 12 14 31 32 25 26 25 22 23 20 21 19 18 
Beneficio: 65
d 2 4 3 2 4 5 33 32 31 29 30 14 12 13 12 11 10 7 6 8 9 10 12 11 16 15 17 18 19 21 23 20 18 19 30 25 26 25 32 
Beneficio: 71
d 2 4 3 2 4 5 33 32 31 29 30 14 12 13 12 11 10 7 6 8 9 10 12 11 16 15 17 18 19 21 20 18 19 30 25 26 24 26 27 25 32 28 29 
Beneficio: 49
d 2 4 3 2 4 5 33 32 31 29 30 14 12 13 12 11 10 7 6 8 9 10 12 11 16 14 31 29 28 32 25 24 26 27 25 30 19 21 
Beneficio: 73
d 2 4 3 2 4 5 33 32 31 29 30 14 12 13 12 11 10 7 6 8 9 10 12 14 16 15 17 18 19 21 20 18 19 30 25 26 27 25 32 31 28 
Beneficio: 62
d 2 4 3 2 4 5 33 32 31 29 30 14 12 13 12 11 10 7 6 8 9 10 12 14 16 15 17 18 19 21 20 23 22 25 26 27 26 25 24 
Beneficio: 59
d 2 4 3 2 4 5 33 32 31 29 30 14 12 13 12 11 10 7 6 8 9 10 12 14 16 15 17 18 19 21 23 20 18 19 30 32 25 26 24 26 
Beneficio: 64
d 2 4 3 2 4 5 33 32 31 29 30 14 12 13 12 11 10 7 6 8 9 10 12 14 30 25 26 27 26 25 22 23 20 21 19 18 20 23 21 
Beneficio: 49
d 2 4 3 2 4 5 33 32 31 29 30 14 12 13 12 11 10 7 6 8 9 10 12 14 31 28 32 25 26 25 30 19 21 23 20 18 17 
Beneficio: 61
d 2 4 3 2 4 5 33 32 31 29 30 14 12 13 12 11 10 7 6 8 9 10 12 14 31 28 32 25 26 27 25 30 19 21 20 18 17 15 16 
Beneficio: 50
d 2 4 3 2 4 5 33 32 31 29 30 14 12 13 12 11 10 7 6 8 9 10 12 14 31 32 25 26 25 30 19 21 23 22 23 20 18 
Beneficio: 56
d 2 4 3 2 4 5 33 32 31 29 30 14 12 13 12 11 10 7 6 8 9 10 12 14 31 28 29 28 32 25 27 26 24 25 30 19 21 20 23 22 
Beneficio: 55
d 2 4 3 2 4 5 33 32 31 29 30 14 12 13 12 11 10 7 6 8 9 10 12 11 16 15 17 18 20 21 19 30 29 31 28 32 25 26 27 
Beneficio: 76
d 2 4 3 2 4 5 33 32 31 29 30 14 12 13 12 11 10 7 6 8 9 10 12 11 16 15 17 18 19 21 23 20 18 19 30 25 24 26 27 25 26 25 32 
Beneficio: 70
d 2 4 3 2 4 5 33 32 31 29 30 14 12 13 12 11 10 7 6 8 9 10 11 16 15 17 18 20 21 19 30 25 24 26 25 32 28 31 14 
Beneficio: 68
d 2 4 3 2 4 5 33 32 31 29 30 14 12 13 12 11 10 7 6 8 9 10 11 16 15 17 18 20 21 19 30 29 28 32 25 27 26 25 27 
Beneficio: 55
d 2 4 3 2 4 5 33 32 31 29 30 14 12 13 12 11 10 7 6 8 9 10 11 16 15 17 18 19 21 23 20 18 19 30 25 26 27 26 24 25 32 
Beneficio: 52
d 2 4 3 2 4 5 33 32 31 29 30 14 12 13 12 11 10 7 6 8 9 10 11 16 14 31 29 28 32 25 27 26 25 30 19 18 20 23 
Beneficio: 77
d 2 4 3 2 4 5 33 32 31 29 30 14 12 13 12 11 10 7 6 8 9 31 28 29 28 32 25 27 26 25 30 14 16 15 17 18 19 21 20 18 
Beneficio: 57
d 2 4 3 2 4 5 33 32 31 29 30 14 12 13 12 11 10 7 6 8 9 31 28 29 28 32 25 27 26 25 30 19 21 23 20 
Beneficio: 63
d 2 4 3 2 4 5 33 32 31 29 30 14 12 13 12 11 10 7 6 8 9 31 28 29 28 32 30 25 26 24 26 27 25 22 23 21 19 18 20 23 
Beneficio: 59
d 2 4 3 2 4 5 33 32 31 29 30 14 12 13 12 11 10 7 6 8 9 31 28 29 30 32 25 26 24 26 27 25 22 23 21 20 18 
Beneficio: 72
d 2 4 3 2 4 5 33 32 31 29 30 14 12 13 12 11 10 7 6 8 9 31 28 32 25 26 24 25 30 14 16 15 17 18 19 21 23 22 
Beneficio: 49
d 2 4 3 2 4 5 33 32 31 29 30 14 12 13 12 11 10 7 6 8 9 31 28 32 30 25 26 24 26 27 25 22 23 21 20 18 19 
Beneficio: 59
d 2 4 3 2 4 5 33 32 31 29 30 14 12 13 12 11 10 7 6 8 9 31 28 32 25 24 26 27 26 25 30 19 21 20 23 
Beneficio: 61
d 2 4 3 2 4 5 33 32 31 29 30 14 12 13 12 11 10 7 6 8 9 31 28 32 25 26 24 26 27 26 25 30 19 18 20 23 22 23 21 19 18 
Beneficio: 54
d 2 4 3 2 4 5 33 32 31 29 30 14 12 13 12 11 10 7 6 8 9 31 28 32 30 25 26 24 25 22 23 20 18 17 15 16 
Beneficio: 56
d 2 4 3 2 4 5 33 32 31 29 30 14 12 13 12 11 10 7 6 8 9 31 28 29 30 19 18 20 21 23 22 25 24 26 27 25 26 
Beneficio: 69
d 2 4 3 2 4 5 33 32 31 29 30 14 12 13 12 11 10 7 6 8 9 31 28 29 28 32 25 22 23 20 18 19 21 20 
Beneficio: 70
d 2 4 3 2 4 5 33 32 31 29 30 14 12 13 12 11 10 7 6 8 9 31 28 29 28 32 25 26 24 26 25 30 19 18 20 21 19 18 17 15 
Beneficio: 51
d 2 4 3 2 4 5 33 32 31 29 30 14 12 13 12 11 10 7 6 8 9 31 28 29 28 32 30 19 18 20 23 21 19 18 17 15 17 
Beneficio: 65
d 2 4 3 2 4 5 33 32 31 29 30 14 12 13 12 11 10 7 6 8 9 31 28 29 30 19 18 20 21 23 22 25 24 26 27 25 26 
Beneficio: 62
d 2 4 3 2 4 5 33 32 31 29 30 14 12 13 12 11 10 7 6 8 9 31 28 32 25 26 27 26 24 25 30 19 18 20 23 21 19 18 17 15 
Beneficio: 70
d 2 4 3 2 4 5 33 32 31 29 30 14 12 13 12 11 10 7 6 8 9 31 28 32 30 25 24 26 25 22 23 20 18 19 21 20 
Beneficio: 64
d 2 4 3 2 4 5 33 32 31 29 30 14 12 13 12 11 10 7 6 8 9 31 28 32 25 27 26 24 25 26 25 30 19 18 20 23 22 23 21 19 18 17 
Beneficio: 56
d 2 4 3 2 4 5 33 32 31 29 30 14 12 13 12 11 10 7 6 8 9 31 28 32 25 27 26 24 26 25 30 14 16 15 17 18 20 21 23 
Beneficio: 40
d 2 4 3 2 4 5 33 32 31 29 30 14 12 13 12 11 10 7 6 8 9 31 28 32 30 19 18 20 21 23 22 25 26 27 
Beneficio: 51
d 2 4 3 2 4 5 33 32 31 29 30 14 12 13 12 11 10 7 6 8 9 31 28 29 30 32 25 26 24 25 22 23 21 20 18 19 21 20 
Beneficio: 80
d 2 4 3 2 4 5 33 32 31 29 30 14 12 13 12 11 10 7 6 8 9 31 32 28 29 30 25 24 26 27 26 25 30 19 21 20 18 17 15 16 14 
Beneficio: 59
d 2 4 3 2 4 5 33 32 31 29 30 14 12 13 12 11 10 7 6 8 9 31 32 25 24 26 27 25 30 19 18 20 23 21 19 18 17 15 16 
Beneficio: 73
d 2 4 3 2 4 5 33 32 31 29 30 14 12 13 12 11 10 7 6 8 9 31 32 30 19 18 20 23 22 25 26 27 26 24 25 
Beneficio: 54
d 2 4 3 2 4 5 33 32 31 29 30 14 12 13 12 11 10 7 6 8 9 31 32 25 26 24 26 27 26 25 30 19 18 20 23 22 23 21 
Beneficio: 70
d 2 4 3 2 4 5 33 32 31 29 30 14 12 13 12 11 10 7 6 8 9 31 29 28 32 25 27 26 24 25 22 23 20 21 19 18 17 15 16 
Beneficio: 65
d 2 4 3 2 4 5 33 32 31 29 30 14 12 13 12 11 10 7 6 8 9 31 29 28 32 30 25 24 26 27 26 25 22 23 20 21 19 18 20 21 23 
Beneficio: 71
d 2 4 3 2 4 5 33 32 31 29 30 14 12 13 12 11 10 7 6 8 9 31 29 28 32 25 24 26 25 30 19 18 20 23 21 19 18 17 15 16 14 12 
Beneficio: 76
d 2 4 3 2 4 5 33 32 31 29 30 14 12 13 12 11 10 7 6 8 9 31 29 28 32 25 26 24 25 30 14 16 15 17 18 20 21 23 22 23 
Beneficio: 61
d 2 4 3 2 4 5 33 32 31 29 30 14 12 13 12 11 10 7 6 8 9 31 29 28 32 25 27 26 24 26 25 22 23 20 18 
Beneficio: 55
d 2 4 3 2 4 5 33 32 31 29 30 14 12 13 12 11 10 7 6 8 9 31 29 28 32 25 27 26 24 25 26 25 22 23 20 18 19 21 23 
Beneficio: 55
d 2 4 3 2 4 5 33 32 31 29 30 14 12 13 12 11 10 7 6 8 9 31 29 30 32 25 26 24 26 27 25 22 23 20 21 
Beneficio: 63
d 2 4 3 2 4 5 33 32 31 29 30 14 12 13 12 11 10 7 6 8 9 31 14 30 19 18 20 23 21 19 18 17 15 
Beneficio: 63
d 2 4 3 2 4 5 33 32 31 29 30 14 12 13 12 11 10 7 6 8 9 31 28 29 28 32 25 26 24 26 27 25 22 23 20 21 19 18 20 21 23 22 
Beneficio: 67
d 2 4 3 2 4 5 33 32 31 29 30 14 12 13 12 11 10 7 6 8 9 31 28 29 28 32 25 27 26 24 26 25 30 19 18 20 23 22 23 21 
Beneficio: 76
d 2 4 3 2 4 5 33 32 31 29 30 14 12 13 12 11 10 7 6 8 9 31 28 32 25 26 27 26 24 25 30 19 18 20 21 19 18 17 15 16 14 13 
Beneficio: 45
d 2 4 3 2 4 5 33 32 31 29 30 14 12 13 12 11 10 7 6 8 9 31 28 32 30 19 21 23 22 25 24 26 25 26 27 
Beneficio: 68
d 2 4 3 2 4 5 33 32 31 29 30 14 12 13 12 11 10 7 6 8 9 31 28 32 25 26 27 25 30 19 18 20 21 19 18 17 15 16 14 
Beneficio: 65
d 2 4 3 2 4 5 33 32 31 29 30 14 12 13 12 11 10 7 6 8 9 31 28 32 25 26 24 25 30 19 21 23 22 23 20 
Beneficio: 54
d 2 4 3 2 4 5 33 32 31 29 30 14 12 13 12 11 10 7 6 8 9 31 28 29 28 32 25 22 23 20 21 19 18 17 15 16 
Beneficio: 56
d 2 4 3 2 4 5 33 32 31 29 30 14 12 13 12 11 10 7 6 8 9 31 28 29 28 32 30 25 24 26 25 22 23 21 19 18 
Beneficio: 69
d 2 4 3 2 4 5 33 32 31 29 30 14 12 13 12 11 10 7 6 8 9 31 28 32 25 26 25 22 23 20 21 19 18 17 15 16 
Beneficio: 57
d 2 4 3 2 4 5 33 32 31 29 30 14 12 13 12 11 10 7 6 8 9 31 28 32 30 25 24 26 27 25 26 25 30 19 18 20 21 23 22 23 
Beneficio: 50
d 2 4 3 2 4 5 33 32 31 29 30 14 12 13 12 11 10 7 6 8 9 31 28 32 25 24 26 25 30 19 21 23 20 18 17 
Beneficio: 56
d 2 4 3 2 4 5 33 32 31 29 30 14 12 13 12 11 10 7 6 8 9 31 28 32 25 30 19 18 20 23 21 19 18 17 15 16 
Beneficio: 76
d 2 4 3 2 4 5 33 32 31 29 30 14 12 13 12 11 10 7 6 8 9 31 32 28 29 30 25 24 26 25 22 23 21 20 18 17 15 16 
Beneficio: 55
d 2 4 3 2 4 5 33 32 31 29 30 14 12 13 12 11 10 7 6 8 9 31 32 30 25 24 26 27 26 25 22 23 21 19 18 20 21 23 
Beneficio: 70
d 2 4 3 2 4 5 33 32 31 29 30 14 12 13 12 11 10 7 6 8 9 31 29 28 32 25 26 27 26 24 25 30 19 18 20 23 21 
Beneficio: 53
d 2 4 3 2 4 5 33 32 31 29 30 14 12 13 12 11 10 7 6 8 9 31 29 28 32 25 26 27 25 30 19 18 20 21 23 22 
Beneficio: 61
d 2 4 3 2 4 5 33 32 31 29 30 14 12 13 12 11 10 7 6 8 9 31 29 28 32 25 26 24 25 30 19 18 20 21 19 18 17 15 16 14 
Beneficio: 59
d 2 4 3 2 4 5 33 32 31 29 30 14 12 13 12 11 10 7 6 8 9 31 29 28 32 25 26 27 25 30 14 16 15 17 18 20 21 19 
Beneficio: 60
d 2 4 3 2 4 5 33 32 31 29 30 14 12 13 12 11 10 7 6 8 9 31 14 30 19 18 20 21 23 22 25 27 26 25 24 26 27 
Beneficio: 60
d 2 4 3 2 4 5 33 32 31 29 30 14 12 13 12 11 10 7 6 8 9 10 12 14 30 29 28 32 25 26 27 26 24 25 30 19 18 20 23 21 
Beneficio: 68
d 2 4 3 2 4 5 33 32 31 29 30 14 12 13 12 11 10 7 6 8 9 10 12 14 16 15 17 18 20 21 23 22 25 24 26 25 32 28 
Beneficio: 73
d 2 4 3 2 4 5 33 32 31 29 30 14 12 13 12 11 10 7 6 8 9 10 11 16 15 17 18 20 23 21 19 30 25 26 27 26 24 
Beneficio: 68
d 2 4 3 2 4 5 33 32 31 29 30 14 12 13 12 11 10 7 6 8 9 10 12 14 16 15 17 18 19 21 20 23 22 25 24 
Beneficio: 58
d 2 4 3 2 4 5 33 32 31 29 30 14 12 13 12 11 10 7 6 8 9 10 12 14 16 15 17 18 19 21 20 23 22 25 24 
Beneficio: 60
d 2 4 3 2 4 5 33 32 31 29 30 14 12 13 12 11 10 7 6 8 9 10 12 14 30 25 26 27 25 24 26 25 30 32 28 31 29 
Beneficio: 68
d 2 4 3 2 4 5 33 32 31 29 30 14 12 13 12 11 10 7 6 8 9 10 12 14 31 28 29 28 32 30 25 24 26 25 27 26 27 
Beneficio: 60
d 2 4 3 2 4 5 33 32 31 29 30 14 12 13 12 11 10 7 6 8 9 10 12 14 31 28 32 25 26 24 26 27 25 30 19 18 20 21 23 
Beneficio: 48
d 2 4 3 2 4 5 33 32 31 29 30 14 12 13 12 11 10 7 6 8 9 10 12 14 31 29 28 32 25 27 26 25 22 23 21 
Beneficio: 50
d 2 4 3 2 4 5 33 32 31 29 30 14 12 13 12 11 10 7 6 8 9 10 12 14 31 32 25 24 26 27 26 25 30 19 21 23 22 
Beneficio: 79
d 2 4 3 2 4 5 33 32 31 29 30 14 12 13 12 11 10 7 6 8 9 10 12 11 16 15 17 18 20 23 22 25 24 26 25 32 28 29 
Beneficio: 71
d 2 4 3 2 4 5 33 32 31 29 30 14 12 13 12 11 10 7 6 8 9 10 12 14 16 15 17 18 20 21 19 30 29 28 31 32 25 24 26 25 
Beneficio: 63
d 2 4 3 2 4 5 33 32 31 29 30 14 12 13 12 11 10 7 6 8 9 10 12 14 16 15 17 18 20 23 22 23 21 19 30 25 32 28 29 
Beneficio: 65
d 2 4 3 2 4 5 33 32 31 29 30 14 12 13 12 11 10 7 6 8 9 10 12 14 16 15 17 18 19 21 20 18 19 30 25 27 26 25 24 26 
Beneficio: 59
d 2 4 3 2 4 5 33 32 31 29 30 14 12 13 12 11 10 7 6 8 9 10 12 14 31 28 29 28 32 25 27 26 25 30 19 21 23 22 23 
Beneficio: 50
d 2 4 3 2 4 5 33 32 31 29 30 14 12 13 12 11 10 7 6 8 9 10 12 14 31 28 32 30 19 18 20 21 23 22 25 26 24 
Beneficio: 53
d 2 4 3 2 4 5 33 32 31 29 30 14 12 13 12 11 10 7 6 8 9 10 12 14 31 28 32 25 27 26 25 30 19 18 20 21 23 22 23 
Beneficio: 76
d 2 4 3 2 4 5 33 32 31 29 30 14 12 13 12 11 10 7 6 8 9 10 12 11 16 15 17 18 19 21 23 20 18 19 30 25 26 27 26 25 
Beneficio: 78
d 2 4 3 2 4 5 33 32 31 29 30 14 12 13 12 11 10 7 6 8 9 10 11 16 15 17 18 20 21 23 22 25 24 26 25 32 28 29 28 
Beneficio: 67
d 2 4 3 2 4 5 33 32 31 29 30 14 12 13 12 11 10 7 6 8 9 10 11 16 15 17 18 19 21 20 23 22 25 27 26 
Beneficio: 43
d 2 4 3 2 4 5 33 32 31 29 30 14 12 13 12 11 10 7 6 8 9 10 11 16 15 17 18 20 21 23 22 
Beneficio: 52
d 2 4 3 2 4 5 33 32 31 29 30 14 12 13 12 11 10 7 6 8 9 31 28 29 28 32 30 19 18 20 21 23 22 25 24 26 
Beneficio: 58
d 2 4 3 2 4 5 33 32 31 29 30 14 12 13 12 11 10 7 6 8 9 31 28 29 28 32 30 25 24 26 25 22 23 20 21 19 18 
Beneficio: 73
d 2 4 3 2 4 5 33 32 31 29 30 14 12 13 12 11 10 7 6 8 9 31 28 32 25 26 24 26 27 25 30 14 16 15 17 18 19 21 20 23 22 
Beneficio: 71
d 2 4 3 2 4 5 33 32 31 29 30 14 12 13 12 11 10 7 6 8 9 31 28 32 25 24 26 27 25 26 25 22 23 20 21 19 18 20 23 21 
Beneficio: 66
d 2 4 3 2 4 5 33 32 31 29 30 14 12 13 12 11 10 7 6 8 9 31 28 32 25 26 27 26 25 30 19 18 20 23 21 19 18 17 15 16 14 12 
Beneficio: 62
d 2 4 3 2 4 5 33 32 31 29 30 14 12 13 12 11 10 7 6 8 9 31 28 32 25 26 27 26 24 25 30 19 21 20 23 22 
Beneficio: 61
d 2 4 3 2 4 5 33 32 31 29 30 14 12 13 12 11 10 7 6 8 9 31 28 32 25 26 24 26 27 25 30 19 18 20 21 
Beneficio: 61
d 2 4 3 2 4 5 33 32 31 29 30 14 12 13 12 11 10 7 6 8 9 31 28 29 28 32 25 24 26 25 22 23 20 21 19 18 17 15 17 
Beneficio: 59
d 2 4 3 2 4 5 33 32 31 29 30 14 12 13 12 11 10 7 6 8 9 31 28 29 28 32 25 26 24 25 30 19 18 20 23 21 19 18 17 15 
Beneficio: 67
d 2 4 3 2 4 5 33 32 31 29 30 14 12 13 12 11 10 7 6 8 9 31 28 29 30 25 26 24 25 30 19 18 20 23 21 19 18 17 15 16 11 
Beneficio: 75
d 2 4 3 2 4 5 33 32 31 29 30 14 12 13 12 11 10 7 6 8 9 31 28 32 25 24 26 27 26 25 30 29 28 31 14 16 15 17 18 20 23 21 
Beneficio: 63
d 2 4 3 2 4 5 33 32 31 29 30 14 12 13 12 11 10 7 6 8 9 31 28 32 30 19 18 20 23 21 19 18 17 15 16 
Beneficio: 67
d 2 4 3 2 4 5 33 32 31 29 30 14 12 13 12 11 10 7 6 8 9 31 28 32 25 27 26 25 30 19 18 20 21 19 18 17 15 16 11 
Beneficio: 70
d 2 4 3 2 4 5 33 32 31 29 30 14 12 13 12 11 10 7 6 8 9 31 28 32 30 25 26 27 26 24 25 30 14 16 15 17 18 19 21 20 23 
Beneficio: 60
d 2 4 3 2 4 5 33 32 31 29 30 14 12 13 12 11 10 7 6 8 9 31 28 32 25 24 26 25 22 23 21 20 18 17 15 17 
Beneficio: 58
d 2 4 3 2 4 5 33 32 31 29 30 14 12 13 12 11 10 7 6 8 9 31 32 28 29 30 25 26 24 25 22 23 20 18 19 21 20 
Beneficio: 64
d 2 4 3 2 4 5 33 32 31 29 30 14 12 13 12 11 10 7 6 8 9 31 32 25 26 24 26 27 25 30 19 21 20 18 17 15 16 
Beneficio: 62
d 2 4 3 2 4 5 33 32 31 29 30 14 12 13 12 11 10 7 6 8 9 31 32 30 25 26 24 26 25 22 23 20 18 19 21 23 
Beneficio: 68
d 2 4 3 2 4 5 33 32 31 29 30 14 12 13 12 11 10 7 6 8 9 31 29 28 32 25 24 26 25 30 19 18 20 23 21 19 18 17 15 
Beneficio: 67
d 2 4 3 2 4 5 33 32 31 29 30 14 12 13 12 11 10 7 6 8 9 31 29 28 32 25 26 24 26 27 25 30 19 18 20 21 23 22 23 
Beneficio: 72
d 2 4 3 2 4 5 33 32 31 29 30 14 12 13 12 11 10 7 6 8 9 31 29 28 32 30 25 26 24 26 27 25 22 23 20 18 19 21 20 
Beneficio: 47
d 2 4 3 2 4 5 33 32 31 29 30 14 12 13 12 11 10 7 6 8 9 31 29 28 32 25 26 25 22 23 21 19 18 17 15 
Beneficio: 58
d 2 4 3 2 4 5 33 32 31 29 30 14 12 13 12 11 10 7 6 8 9 31 29 28 32 25 24 26 27 25 22 23 21 19 18 20 23 
Beneficio: 60
d 2 4 3 2 4 5 33 32 31 29 30 14 12 13 12 11 10 7 6 8 9 31 14 16 15 17 18 19 21 23 22 25 27 26 25 
Beneficio: 63
d 2 4 3 2 4 5 33 32 31 29 30 14 12 13 12 11 10 7 6 8 9 31 28 29 28 32 25 27 26 24 25 26 25 30 19 21 23 20 
Beneficio: 56
d 2 4 3 2 4 5 33 32 31 29 30 14 12 13 12 11 10 7 6 8 9 31 28 29 30 25 24 26 27 26 25 30 19 18 20 23 21 
Beneficio: 71
d 2 4 3 2 4 5 33 32 31 29 30 14 12 13 12 11 10 7 6 8 9 31 28 32 30 25 26 27 26 24 25 30 19 18 20 21 19 18 17 15 16 14 
Beneficio: 57
d 2 4 3 2 4 5 33 32 31 29 30 14 12 13 12 11 10 7 6 8 9 31 28 32 25 24 26 27 25 26 25 22 23 20 21 19 18 
Beneficio: 47
d 2 4 3 2 4 5 33 32 31 29 30 14 12 13 12 11 10 7 6 8 9 31 28 29 30 19 18 20 23 22 25 24 26 25 27 
Beneficio: 60
d 2 4 3 2 4 5 33 32 31 29 30 14 12 13 12 11 10 7 6 8 9 31 28 29 28 32 25 27 26 24 25 22 23 21 19 18 20 21 
Beneficio: 52
d 2 4 3 2 4 5 33 32 31 29 30 14 12 13 12 11 10 7 6 8 9 31 28 32 25 24 26 25 22 23 20 21 19 18 17 
Beneficio: 52
d 2 4 3 2 4 5 33 32 31 29 30 14 12 13 12 11 10 7 6 8 9 31 28 32 25 26 24 25 30 19 18 20 21 19 18 17 
######### Overtime ############
Mejor solucion encontrada!
Beneficio: 81
d 2 4 3 2 4 5 33 32 31 29 30 14 12 13 12 11 10 7 6 8 9 6 d 
Time taken: 1200.00s
