Evaluando ./Instances\CHRISTOFIDES\P20NoRPP
Solucion inicial: ./Instances\CHRISTOFIDES\P20NoRPP-salida.txt

Beneficio: 142
d 2 3 4 5 6 7 d 4 5 15 8 9 14 15 16 14 13 12 11 10 13 36 37 38 35 33 34 35 36 40 41 42 39 40 39 17 18 19 21 20 17 16 24 23 22 23 27 26 32 31 26 27 28 29 30 31 30 29 28 27 23 20 24 12 
Beneficio: 144
d 2 3 4 5 6 7 d 4 5 15 8 9 14 15 16 14 13 12 11 10 13 36 37 38 35 33 34 35 36 40 41 42 39 40 39 17 18 19 21 20 17 16 24 23 22 23 27 26 32 31 26 32 31 30 29 30 31 28 29 28 27 23 20 24 12 
Beneficio: 182
d 2 3 4 5 6 7 d 4 5 15 8 9 14 15 16 14 13 12 11 10 13 36 37 38 35 33 34 35 36 40 41 42 39 40 39 17 18 19 21 20 17 16 24 23 22 23 27 28 29 30 31 26 27 28 31 32 
Beneficio: 116
d 2 3 4 5 6 7 d 4 5 15 8 9 14 15 16 14 13 12 11 10 13 36 37 38 35 33 34 35 36 40 41 42 39 40 39 17 18 19 21 20 17 16 24 23 22 23 27 28 29 30 31 32 31 28 27 26 31 26 33 12 11 10 9 8 
Beneficio: 161
d 2 3 4 5 6 7 d 4 5 15 8 9 14 15 16 14 13 12 11 10 13 36 37 38 35 33 34 35 36 40 41 42 39 40 39 17 18 19 21 20 17 16 24 23 22 23 27 26 31 28 29 30 31 26 27 23 20 24 12 
Beneficio: 140
d 2 3 4 5 6 7 d 4 5 15 8 9 14 15 16 14 13 12 11 10 13 36 37 38 35 33 34 35 36 40 41 42 39 40 39 17 18 19 21 20 17 16 24 23 22 23 27 26 32 31 26 31 30 29 28 27 23 24 12 11 
Beneficio: 123
d 2 3 4 5 6 7 d 4 5 15 8 9 14 15 16 14 13 12 11 10 13 36 37 38 35 33 34 35 36 40 41 42 39 40 39 17 18 19 21 20 17 16 24 23 22 23 27 26 32 31 28 31 30 29 28 27 23 20 24 12 11 10 
Beneficio: 135
d 2 3 4 5 6 7 d 4 5 15 8 9 14 15 16 14 13 12 11 10 13 36 37 38 35 33 34 35 36 40 41 42 39 40 39 17 18 19 21 20 17 16 24 23 22 23 27 28 29 30 31 28 31 32 26 31 26 27 23 20 24 12 33 34 
Beneficio: 129
d 2 3 4 5 6 7 d 4 5 15 8 9 14 15 16 14 13 12 11 10 13 36 37 38 35 33 34 35 36 40 41 42 39 40 39 17 18 19 21 20 17 16 24 23 22 23 27 28 29 30 31 28 31 32 31 26 27 23 20 24 12 33 34 
Beneficio: 140
d 2 3 4 5 6 7 d 4 5 15 8 9 14 15 16 14 13 12 11 10 13 36 37 38 35 33 34 35 36 40 41 42 39 40 39 17 18 19 21 20 17 16 24 23 27 26 31 28 29 30 31 32 26 27 28 27 23 22 21 20 24 12 11 10 9 8 
Beneficio: 135
d 2 3 4 5 6 7 d 4 5 15 8 9 14 15 16 14 13 12 11 10 13 36 37 38 35 33 34 35 36 40 41 42 39 40 39 17 18 19 21 20 17 16 24 23 27 26 31 32 31 30 29 30 31 26 27 28 31 28 27 23 22 21 19 18 
Beneficio: 128
d 2 3 4 5 6 7 d 4 5 15 8 9 14 15 16 14 13 12 11 10 13 36 37 38 35 33 34 35 36 40 41 42 39 40 39 17 18 19 21 20 17 16 24 23 27 26 31 28 29 30 31 26 32 31 28 27 23 22 21 20 23 24 12 33 
Beneficio: 140
d 2 3 4 5 6 7 d 4 5 15 8 9 14 15 16 14 13 12 11 10 13 36 37 38 35 33 34 35 36 40 41 42 39 40 39 17 18 19 21 20 17 16 24 23 27 26 32 31 30 29 28 27 28 31 26 33 
Beneficio: 164
d 2 3 4 5 6 7 d 4 5 15 8 9 14 15 16 14 13 12 11 10 13 36 37 38 35 33 34 35 36 40 41 42 39 40 39 17 18 19 21 20 17 16 24 23 27 26 27 28 31 26 32 31 30 29 28 27 23 20 21 22 23 22 
Beneficio: 122
d 2 3 4 5 6 7 d 4 5 15 8 9 14 15 16 14 13 12 11 10 13 36 37 38 35 33 34 35 36 40 41 42 39 40 39 17 18 19 21 20 17 16 24 23 27 26 27 28 29 30 31 26 32 31 28 27 23 22 21 20 23 24 12 33 
Beneficio: 131
d 2 3 4 5 6 7 d 4 5 15 8 9 14 15 16 14 13 12 11 10 13 36 37 38 35 33 34 35 36 40 41 42 39 40 39 17 18 19 21 20 17 16 24 23 27 26 32 31 28 29 30 31 28 27 23 22 21 20 24 12 11 10 9 8 
Beneficio: 136
d 2 3 4 5 6 7 d 4 5 15 8 9 14 15 16 14 13 12 11 10 13 36 37 38 35 33 34 35 36 40 41 42 39 40 39 17 18 19 21 20 17 16 24 23 27 28 31 26 31 30 31 32 26 27 23 20 21 22 23 24 12 11 10 
Beneficio: 154
d 2 3 4 5 6 7 d 4 5 15 8 9 14 15 16 14 13 12 11 10 13 36 37 38 35 33 34 35 36 40 41 42 39 40 39 17 18 19 21 20 17 16 24 23 27 28 31 30 29 28 31 32 26 31 32 26 27 23 20 24 12 
Beneficio: 134
d 2 3 4 5 6 7 d 4 5 15 8 9 14 15 16 14 13 12 11 10 13 36 37 38 35 33 34 35 36 40 41 42 39 40 39 17 18 19 21 20 17 16 24 23 27 28 29 30 31 32 26 31 26 27 23 22 21 20 24 12 11 10 
Beneficio: 104
d 2 3 4 5 6 7 d 4 5 15 8 9 14 15 16 14 13 12 11 10 13 36 37 38 35 33 34 35 36 40 41 42 39 40 39 17 18 19 21 20 17 16 24 23 27 28 29 30 31 26 27 23 24 12 33 34 
Beneficio: 137
d 2 3 4 5 6 7 d 4 5 15 8 9 14 15 16 14 13 12 11 10 13 36 37 38 35 33 34 35 36 40 41 42 39 40 39 17 18 19 21 20 17 16 24 23 27 28 31 32 26 31 28 29 30 29 28 27 23 20 24 23 22 21 19 
Beneficio: 134
d 2 3 4 5 6 7 d 4 5 15 8 9 14 15 16 14 13 12 11 10 13 36 37 38 35 33 34 35 36 40 41 42 39 40 39 17 18 19 21 20 17 16 24 23 27 28 29 30 31 32 26 31 28 27 23 20 24 12 33 34 
Beneficio: 175
d 2 3 4 5 6 7 d 4 5 15 8 9 14 15 16 14 13 12 11 10 13 36 37 38 35 33 34 35 36 40 41 42 39 40 39 17 18 19 21 20 17 16 24 23 27 26 31 28 31 32 26 31 30 29 28 27 23 22 21 20 23 24 20 
Beneficio: 137
d 2 3 4 5 6 7 d 4 5 15 8 9 14 15 16 14 13 12 11 10 13 36 37 38 35 33 34 35 36 40 41 42 39 40 39 17 18 19 21 20 17 16 24 23 27 26 32 31 26 31 28 29 30 31 30 29 28 27 23 20 24 12 11 10 9 8 
Beneficio: 138
d 2 3 4 5 6 7 d 4 5 15 8 9 14 15 16 14 13 12 11 10 13 36 37 38 35 33 34 35 36 40 41 42 39 40 39 17 18 19 21 20 17 16 24 23 27 26 32 31 26 27 28 29 30 31 28 27 23 22 21 20 24 12 11 10 9 
Beneficio: 153
d 2 3 4 5 6 7 d 4 5 15 8 9 14 15 16 14 13 12 11 10 13 36 37 38 35 33 34 35 36 40 41 42 39 40 39 17 18 19 21 20 17 16 24 23 27 26 31 32 26 27 28 29 30 31 30 29 28 27 23 22 21 20 24 20 23 
Beneficio: 125
d 2 3 4 5 6 7 d 4 5 15 8 9 14 15 16 14 13 12 11 10 13 36 37 38 35 33 34 35 36 40 41 42 39 40 39 17 18 19 21 20 17 16 24 23 27 26 31 30 29 28 27 26 32 31 28 27 23 20 24 12 33 34 
Beneficio: 137
d 2 3 4 5 6 7 d 4 5 15 8 9 14 15 16 14 13 12 11 10 13 36 37 38 35 33 34 35 36 40 41 42 39 40 39 17 18 19 21 20 17 16 24 23 27 26 32 31 28 29 30 31 30 29 28 27 23 20 24 12 33 26 
Beneficio: 123
d 2 3 4 5 6 7 d 4 5 15 8 9 14 15 16 14 13 12 11 10 13 36 37 38 35 33 34 35 36 40 41 42 39 40 39 17 18 19 21 20 17 16 24 23 27 26 32 31 26 31 30 29 30 31 28 27 23 22 21 20 23 24 12 33 
Beneficio: 134
d 2 3 4 5 6 7 d 4 5 15 8 9 14 15 16 14 13 12 11 10 13 36 37 38 35 33 34 35 36 40 41 42 39 40 39 17 18 19 21 20 17 16 24 23 27 26 27 28 29 30 31 26 32 31 28 27 23 20 21 22 23 24 12 33 
Beneficio: 123
d 2 3 4 5 6 7 d 4 5 15 8 9 14 15 16 14 13 12 11 10 13 36 37 38 35 33 34 35 36 40 41 42 39 40 39 17 18 19 21 20 17 16 24 23 27 26 31 30 29 30 31 32 26 27 28 31 28 29 28 27 23 22 21 20 24 12 11 10 
Beneficio: 150
d 2 3 4 5 6 7 d 4 5 15 8 9 14 15 16 14 13 12 11 10 13 36 37 38 35 33 34 35 36 40 41 42 39 40 39 17 18 19 21 20 17 16 24 23 27 26 32 31 26 31 28 29 30 31 28 27 23 24 20 23 22 21 
Beneficio: 131
d 2 3 4 5 6 7 d 4 5 15 8 9 14 15 16 14 13 12 11 10 13 36 37 38 35 33 34 35 36 40 41 42 39 40 39 17 18 19 21 20 17 16 24 23 27 28 31 30 29 28 31 32 31 26 27 23 22 21 20 24 12 11 10 9 8 
Beneficio: 163
d 2 3 4 5 6 7 d 4 5 15 8 9 14 15 16 14 13 12 11 10 13 36 37 38 35 33 34 35 36 40 41 42 39 40 39 17 18 19 21 20 17 16 24 23 27 28 29 30 31 28 31 32 26 27 23 24 20 
Beneficio: 90
d 2 3 4 5 6 7 d 4 5 15 8 9 14 15 16 14 13 12 11 10 13 36 37 38 35 33 34 35 36 40 41 42 39 40 39 17 18 19 21 20 17 16 24 23 27 28 29 28 27 26 32 31 30 31 26 33 12 11 10 9 8 
Beneficio: 150
d 2 3 4 5 6 7 d 4 5 15 8 9 14 15 16 14 13 12 11 10 13 36 37 38 35 33 34 35 36 40 41 42 39 40 39 17 18 19 21 20 17 16 24 23 27 28 31 26 32 31 30 29 28 29 30 31 26 27 23 22 21 
Beneficio: 104
d 2 3 4 5 6 7 d 4 5 15 8 9 14 15 16 14 13 12 11 10 13 36 37 38 35 33 34 35 36 40 41 42 39 40 39 17 18 19 21 20 17 16 24 23 27 28 31 32 26 31 28 29 30 29 28 27 26 33 12 11 
Beneficio: 133
d 2 3 4 5 6 7 d 4 5 15 8 9 14 15 16 14 13 12 11 10 13 36 37 38 35 33 34 35 36 40 41 42 39 40 39 17 18 19 21 20 17 16 24 23 27 28 29 30 31 32 26 31 26 27 23 20 24 12 11 10 9 8 
Beneficio: 134
d 2 3 4 5 6 7 d 4 5 15 8 9 14 15 16 14 13 12 11 10 13 36 37 38 35 33 34 35 36 40 41 42 39 40 39 17 18 19 21 20 17 16 24 23 27 26 31 30 29 28 31 26 27 28 27 23 22 21 20 24 12 11 10 9 
Beneficio: 116
d 2 3 4 5 6 7 d 4 5 15 8 9 14 15 16 14 13 12 11 10 13 36 37 38 35 33 34 35 36 40 41 42 39 40 39 17 18 19 21 20 17 16 24 23 27 26 32 31 30 29 30 31 28 27 23 20 24 12 33 34 
Beneficio: 156
d 2 3 4 5 6 7 d 4 5 15 8 9 14 15 16 14 13 12 11 10 13 36 37 38 35 33 34 35 36 40 41 42 39 40 39 17 18 19 21 20 17 16 24 23 22 23 27 26 31 28 31 30 29 28 27 23 24 20 
Beneficio: 129
d 2 3 4 5 6 7 d 4 5 15 8 9 14 15 16 14 13 12 11 10 13 36 37 38 35 33 34 35 36 40 41 42 39 40 39 17 18 19 21 20 17 16 24 23 22 23 27 26 27 28 31 26 32 31 30 29 28 27 23 20 24 12 11 10 
Beneficio: 153
d 2 3 4 5 6 7 d 4 5 15 8 9 14 15 16 14 13 12 11 10 13 36 37 38 35 33 34 35 36 40 41 42 39 40 39 17 18 19 21 20 17 16 24 23 22 23 27 28 31 32 26 27 28 29 30 31 26 25 
Beneficio: 105
d 2 3 4 5 6 7 d 4 5 15 8 9 14 15 16 14 13 12 11 10 13 36 37 38 35 33 34 35 36 40 41 42 39 40 39 17 18 19 21 20 17 16 24 23 22 23 27 28 27 26 32 31 28 29 30 31 32 26 33 12 
Beneficio: 123
d 2 3 4 5 6 7 d 4 5 15 8 9 14 15 16 14 13 12 11 10 13 36 37 38 35 33 34 35 36 40 41 42 39 40 39 17 18 19 21 20 17 16 24 23 22 23 27 26 31 30 29 28 27 23 20 24 12 33 34 
Beneficio: 128
d 2 3 4 5 6 7 d 4 5 15 8 9 14 15 16 14 13 12 11 10 13 36 37 38 35 33 34 35 36 40 41 42 39 40 39 17 18 19 21 20 17 16 24 23 22 23 27 26 31 30 31 26 27 28 29 30 29 28 27 23 20 24 12 11 10 9 
Beneficio: 128
d 2 3 4 5 6 7 d 4 5 15 8 9 14 15 16 14 13 12 11 10 13 36 37 38 35 33 34 35 36 40 41 42 39 40 39 17 18 19 21 20 17 16 24 23 22 23 27 26 27 28 29 30 31 26 32 31 28 27 23 20 24 12 11 10 9 8 
Beneficio: 131
d 2 3 4 5 6 7 d 4 5 15 8 9 14 15 16 14 13 12 11 10 13 36 37 38 35 33 34 35 36 40 41 42 39 40 39 17 18 19 21 20 17 16 24 23 22 23 27 28 31 28 29 30 31 32 26 27 23 24 12 
Beneficio: 135
d 2 3 4 5 6 7 d 4 5 15 8 9 14 15 16 14 13 12 11 10 13 36 37 38 35 33 34 35 36 40 41 42 39 40 39 17 18 19 21 20 17 16 24 23 22 23 27 28 31 30 29 28 29 30 31 32 26 31 32 26 27 23 20 24 12 11 10 9 
Beneficio: 130
d 2 3 4 5 6 7 d 4 5 15 8 9 14 15 16 14 13 12 11 10 13 36 37 38 35 33 34 35 36 40 41 42 39 40 39 17 18 19 21 20 17 16 24 23 22 23 27 26 32 31 30 29 28 31 26 27 28 27 23 24 12 11 
Beneficio: 157
d 2 3 4 5 6 7 d 4 5 15 8 9 14 15 16 14 13 12 11 10 13 36 37 38 35 33 34 35 36 40 41 42 39 40 39 17 18 19 21 20 17 16 24 23 27 26 31 32 26 31 30 29 28 27 23 20 24 23 22 21 19 18 
Beneficio: 144
d 2 3 4 5 6 7 d 4 5 15 8 9 14 15 16 14 13 12 11 10 13 36 37 38 35 33 34 35 36 40 41 42 39 40 39 17 18 19 21 20 17 16 24 23 27 26 31 32 26 27 28 31 30 29 28 27 23 22 21 20 24 12 11 10 9 
Beneficio: 126
d 2 3 4 5 6 7 d 4 5 15 8 9 14 15 16 14 13 12 11 10 13 36 37 38 35 33 34 35 36 40 41 42 39 40 39 17 18 19 21 20 17 16 24 23 27 26 32 31 28 31 26 32 31 30 29 28 27 23 22 21 20 24 12 33 34 
Beneficio: 141
d 2 3 4 5 6 7 d 4 5 15 8 9 14 15 16 14 13 12 11 10 13 36 37 38 35 33 34 35 36 40 41 42 39 40 39 17 18 19 21 20 17 16 24 23 27 26 32 31 30 29 28 27 26 31 28 27 23 24 20 23 22 21 19 
Beneficio: 118
d 2 3 4 5 6 7 d 4 5 15 8 9 14 15 16 14 13 12 11 10 13 36 37 38 35 33 34 35 36 40 41 42 39 40 39 17 18 19 21 20 17 16 24 23 27 26 27 28 31 28 29 30 31 26 32 31 30 29 28 27 23 20 24 12 33 34 
Beneficio: 140
d 2 3 4 5 6 7 d 4 5 15 8 9 14 15 16 14 13 12 11 10 13 36 37 38 35 33 34 35 36 40 41 42 39 40 39 17 18 19 21 20 17 16 24 23 27 26 32 31 28 29 30 31 28 27 23 22 21 20 23 24 12 11 10 9 8 
Beneficio: 142
d 2 3 4 5 6 7 d 4 5 15 8 9 14 15 16 14 13 12 11 10 13 36 37 38 35 33 34 35 36 40 41 42 39 40 39 17 18 19 21 20 17 16 24 23 27 28 31 26 32 31 30 29 28 27 23 20 21 22 23 24 12 11 10 9 8 
######### Overtime ############
Mejor solucion encontrada!
Beneficio: 177
d 2 3 4 5 15 16 14 15 8 9 10 11 12 13 36 37 38 35 33 26 31 28 27 23 22 21 19 18 17 20 24 39 40 41 46 44 45 5 6 7 d 
Time taken: 1200.00s
